0 31.6061 35.4741 39.6147 37.8909
1 38.8159 40.4994 37.1204 42.9892
2 38.1969 37.9681 43.3091 46.8653
3 42.7222 46.2782 42.4211 41.1545
4 48.0529 36.5161 42.6073 38.4834
5 42.6993 42.4628 39.9657 37.4686
6 35.5494 38.1838 36.4315 37.5248
7 46.1382 47.6668 45.3519 45.4709
8 38.1967 38.9503 42.551 40.6198
9 42.5403 39.6847 44.8715 40.9725
10 39.834 36.7761 41.4413 38.2344
11 39.3647 43.3774 35.8705 41.3052
12 35.4841 46.4953 40.2061 40.5956
13 44.8966 41.5218 43.5973 35.5349
14 42.7596 46.2811 36.8119 41.6896
15 43.1718 46.612 43.903 38.9856
16 39.9094 48.4403 38.3783 49.251
17 42.7586 41.1318 40.004 39.8477
18 46.5382 41.6678 46.5203 40.3579
19 36.5464 34.9466 40.336 41.5743
20 43.2399 37.7889 39.818 46.8273
21 46.513 42.7157 44.6738 41.4718
22 40.4484 40.4361 42.2251 37.9338
23 46.9438 39.4703 38.7242 45.7613
24 40.85 39.1634 40.5153 35.7643
25 35.8428 44.5571 40.3958 39.0801
26 46.2938 40.0433 44.5789 44.6248
27 45.0868 41.2791 48.7857 45.2416
28 36.6272 37.1335 43.5128 48.5824
29 44.2363 45.3182 44.2276 44.1608
30 40.668 42.1467 38.647 40.9229
31 44.5707 40.6274 39.2877 37.6123
32 39.7041 43.8177 45.0786 39.74
33 41.0237 37.4132 39.0273 45.4028
34 38.4364 41.6038 37.0312 42.6413
35 38.7025 34.518 43.1901 38.5752
36 36.657 38.6413 37.1967 36.2793
37 37.6957 46.8643 46.6752 41.7254
38 36.0876 41.026 39.1146 41.5021
39 44.5833 43.3098 42.6637 42.2891
40 45.13 44.3103 41.4041 45.9763
41 37.8763 40.0359 39.1904 37.3859
42 40.8405 43.4811 41.2446 44.0943
43 46.8145 45.1394 33.323 41.975
44 39.6968 36.6702 41.1992 43.5615
45 41.1764 44.2399 43.7895 41.49
46 44.9729 35.8372 43.4401 46.6143
47 42.3003 47.5365 40.1476 46.281
48 43.44 47.4123 37.8654 46.5963
49 36.4954 38.5453 47.4371 39.3407
50 41.8372 37.5635 38.05 43.3985
51 39.712 43.5476 42.3733 38.7818
52 43.2958 39.5881 41.0294 41.768
53 43.3939 43.1521 38.1667 45.4032
54 39.2528 44.3437 41.7597 45.386
55 44.902 39.7996 44.5048 44.0865
56 44.1189 43.1272 44.0399 39.0343
57 41.0236 38.3069 44.9783 38.9269
58 42.8374 43.8789 44.544 37.2378
59 41.815 39.7873 41.5543 49.5778
60 42.616 44.1404 36.0273 43.5526
61 40.6031 37.3586 41.485 44.2385
62 35.3488 43.6448 46.2826 40.7766
63 48.8704 43.6711 45.9707 40.2277
64 38.0985 45.2166 39.2087 39.7222
65 41.1142 40.841 43.7111 42.3703
66 42.3318 40.2949 38.214 39.1718
67 45.6085 43.271 42.0398 39.6067
68 40.6155 42.2044 44.3495 42.2388
69 30.4206 39.9579 42.9472 38.1648
70 42.8471 42.694 36.9257 46.0368
71 42.1184 39.8001 45.9987 39.087
72 37.7537 39.8647 39.5291 41.1938
73 38.9813 41.0378 44.2051 40.3411
74 35.4557 42.0446 45.5406 36.3454
75 47.1641 41.7503 44.9267 45.6141
76 40.9474 40.6229 40.6408 44.9806
77 37.4289 35.2786 35.7177 41.992
78 39.013 43.273 45.7468 37.0109
79 35.057 38.4481 32.4172 34.4938
80 35.6996 43.9731 37.2411 40.18
81 32.4496 38.1501 43.3422 39.2037
82 41.6627 39.2906 37.0664 43.8569
83 45.1003 43.7558 43.4813 33.7457
84 42.3834 43.383 36.118 32.1449
85 41.7768 43.4383 33.5465 37.8296
86 42.0695 36.0105 38.1184 35.4117
87 43.9037 40.1574 33.5984 38.9268
88 43.3954 31.9092 33.3719 32.8967
89 36.8077 37.8347 35.1478 33.6912
90 32.2444 36.267 40.4139 45.3114
91 37.9109 42.3037 38.4872 35.7449
92 38.536 37.3346 43.3968 33.7208
93 42.1658 41.4609 32.0117 29.0981
94 33.7837 34.5057 33.2674 34.3677
95 40.9918 35.6916 35.7334 36.4253
96 32.4746 28.5401 27.5832 33.8205
97 35.8111 30.9728 33.4325 44.2059
98 34.4999 36.1732 35.9604 30.2666
99 37.4557 33.9823 33.5505 33.288
100 36.8756 41.2676 35.987 32.0093
101 24.2658 35.7264 40.5092 38.9921
102 30.2324 38.285 34.6718 27.5072
103 34.0647 29.1857 33.2625 35.5836
104 36.1274 28.9268 35.7335 33.4359
105 28.3073 31.462 29.8625 27.538
106 26.1806 35.9802 26.0712 25.5989
107 29.6749 37.2253 31.7248 27.9788
108 26.4316 27.4597 29.2087 27.1481
109 27.2685 28.4059 27.986 26.5494
110 22.3666 26.2686 32.2686 28.5415
111 27.841 28.2382 26.4126 25.5709
112 23.9725 29.3122 26.4542 29.9591
113 25.1978 23.2849 26.4389 26.2756
114 26.1948 25.9466 22.0237 19.038
115 21.6502 23.0161 28.3528 13.4158
116 25.915 24.2393 24.9555 20.1944
117 21.8956 27.9897 24.5483 19.9359
118 18.4143 21.1709 27.2765 20.4086
119 16.4823 15.2545 24.4059 20.8299
120 17.4988 20.0679 18.9707 21.2282
121 21.369 18.2013 18.5617 15.7389
122 19.4583 14.903 21.3361 14.3773
123 14.8995 19.0008 19.8673 20.8081
124 16.565 15.3994 19.2962 17.9159
125 16.8478 16.9424 21.6537 15.6042
126 15.1828 14.2079 16.6865 15.602
127 15.2697 11.3425 16.2273 16.6064
128 16.0446 12.035 15.5376 16.4136
129 13.3999 12.762 12.0872 14.6159
130 13.9823 11.8461 11.6524 14.7677
131 12.9859 10.3124 12.0715 14.4279
132 13.2746 12.7146 12.0839 13.1114
133 13.0472 10.8828 11.2446 11.6433
134 14.457 11.6831 13.0723 11.1329
135 14.2388 11.8442 12.6246 12.9648
136 13.8145 10.5971 10.1064 10.8906
137 12.3535 9.76882 9.40808 10.5404
138 13.5837 10.3045 9.09483 10.2376
139 12.7287 9.38006 8.15511 10.5472
140 12.4255 8.79332 9.31515 9.75604
141 12.0666 7.25075 9.87662 9.86017
142 12.0975 7.34974 8.03215 10.4713
143 11.431 6.48505 6.54342 7.82812
144 11.5811 7.64401 8.10464 7.78157
145 10.9756 6.88142 7.68687 6.54425
146 11.1585 6.85333 7.42177 6.78065
147 11.4952 6.87074 7.55281 6.67521
148 9.16521 6.90226 7.31793 6.71186
149 7.95291 7.31152 7.03004 7.15062
150 6.77752 6.82529 6.52678 6.65322
151 6.74108 7.07546 6.41891 6.65786
152 6.6689 7.14485 6.51917 6.61294
153 6.6794 6.6576 6.53664 6.61174
154 6.30335 6.41857 6.73409 6.35224
155 6.36725 6.41615 6.85023 6.42614
156 6.5381 6.59132 6.64305 6.32082
157 6.33497 6.52495 6.62133 6.39717
158 6.40602 6.53677 6.6517 6.41338
159 6.34978 6.52433 6.7095 6.48237
160 6.29611 6.25818 6.43603 6.49241
161 6.33969 6.27623 6.32754 6.43614
162 6.30977 6.33448 6.27057 6.27865
163 6.28804 6.30461 6.29046 6.29611
164 6.43352 6.31509 6.28046 6.39844
165 6.30035 6.31324 6.27623 6.35436
166 6.34678 6.28854 6.27589 6.32266
167 6.35968 6.31324 6.32266 6.38613
168 6.26575 6.39717 6.43072 6.32208
169 6.28804 6.25818 6.35958 6.27565
170 6.27865 6.32082 6.37247 6.27565
171 6.28288 6.39717 6.32082 6.3896
172 6.29577 6.35224 6.26865 6.30035
173 6.27865 6.28346 6.34737 6.32932
174 6.31324 6.29611 6.33979 6.30093
175 6.28046 6.28322 6.35968 6.32508
176 6.27057 6.25876 6.31509 6.27623
177 6.27107 6.27107 6.30093 6.29577
178 6.29611 6.35224 6.27589 6.27865
179 6.28854 6.29046 6.26865 6.34221
180 6.27565 6.27865 6.27623 6.30093
181 6.27565 6.27865 6.28346 6.26575
182 6.28854 6.24587 6.23829 6.26575
183 6.25876 6.32266 6.23829 6.26334
184 6.26865 6.3052 6.26865 6.27865
185 6.30093 6.26865 6.26575 6.25818
186 6.27057 6.25118 6.26334 6.25118
187 6.33497 6.25818 6.28804 6.26575
188 6.28322 6.26575 6.30093 6.26575
189 6.25818 6.27623 6.30093 6.28288
190 6.26575 6.25876 6.26299 6.27865
191 6.27565 6.26334 6.25876 6.25876
192 6.26865 6.26334 6.25118 6.27865
193 6.25876 6.23829 6.25576 6.28322
194 6.23829 6.23829 6.25118 6.27107
195 6.23829 6.23829 6.23829 6.23829
196 6.25118 6.23829 6.23829 6.25818
197 6.25118 6.23829 6.23829 6.25818
198 6.25876 6.23829 6.23829 6.26575
199 6.24587 6.24587 6.26575 6.23829
200 6.27623 6.25876 6.27107 6.23829
201 6.24587 6.24587 6.27107 6.23829
202 6.24587 6.24587 6.23829 6.24587
203 6.23829 6.26334 6.24587 6.24587
204 6.23829 6.27623 6.23829 6.24587
205 6.25118 6.25876 6.23829 6.23829
206 6.23829 6.24587 6.24587 6.23829
207 6.23829 6.24587 6.24587 6.23829
208 6.23829 6.23829 6.24587 6.23829
209 6.23829 6.23829 6.23829 6.24587
210 6.23829 6.23829 6.23829 6.23829
211 6.25118 6.23829 6.23829 6.25118
212 6.25118 6.23829 6.23829 6.23829
213 6.24587 6.23829 6.23829 6.23829
214 6.23829 6.23829 6.23829 6.23829
215 6.23829 6.23829 6.24587 6.23829
216 6.23829 6.23829 6.24587 6.23829
217 6.23829 6.25118 6.24587 6.23829
218 6.23829 6.25118 6.23829 6.23829
219 6.23829 6.25118 6.23829 6.23829
220 6.23829 6.25118 6.23829 6.23829
221 6.23829 6.23829 6.23829 6.23829
222 6.23829 6.23829 6.23829 6.23829
223 6.23829 6.23829 6.23829 6.23829
224 6.23829 6.23829 6.23829 6.23829
225 6.23829 6.23829 6.23829 6.23829
226 6.23829 6.23829 6.23829 6.23829
227 6.23829 6.23829 6.23829 6.23829
228 6.23829 6.23829 6.23829 6.23829
229 6.23829 6.23829 6.23829 6.23829
230 6.23829 6.23829 6.23829 6.23829
231 6.23829 6.23829 6.23829 6.23829
232 6.23829 6.23829 6.23829 6.23829
233 6.23829 6.23829 6.23829 6.23829
234 6.23829 6.23829 6.23829 6.23829
235 6.23829 6.23829 6.23829 6.23829
236 6.23829 6.23829 6.23829 6.23829
237 6.23829 6.23829 6.23829 6.23829
238 6.23829 6.23829 6.23829 6.23829
239 6.23829 6.23829 6.23829 6.23829
240 6.23829 6.23829 6.23829 6.23829
241 6.23829 6.23829 6.23829 6.23829
242 6.23829 6.23829 6.23829 6.23829
243 6.23829 6.23829 6.23829 6.23829
244 6.23829 6.23829 6.23829 6.23829
245 6.23829 6.23829 6.23829 6.23829
246 6.23829 6.23829 6.23829 6.23829
247 6.23829 6.23829 6.23829 6.23829
248 6.23829 6.23829 6.23829 6.23829
249 6.23829 6.23829 6.23829 6.23829
250 6.23829 6.23829 6.23829 6.23829
251 6.23829 6.23829 6.23829 6.23829
252 6.23829 6.23829 6.23829 6.23829
253 6.23829 6.23829 6.23829 6.23829
254 6.23829 6.23829 6.23829 6.23829
255 6.23829 6.23829 6.23829 6.23829
256 6.23829 6.23829 6.23829 6.23829
257 6.23829 6.23829 6.23829 6.23829
258 6.23829 6.23829 6.23829 6.23829
259 6.23829 6.23829 6.23829 6.23829
260 6.23829 6.23829 6.23829 6.23829
261 6.23829 6.23829 6.23829 6.23829
262 6.23829 6.23829 6.23829 6.23829
263 6.23829 6.23829 6.23829 6.23829
264 6.23829 6.23829 6.23829 6.23829
265 6.23829 6.23829 6.23829 6.23829
266 6.23829 6.23829 6.23829 6.23829
267 6.23829 6.23829 6.23829 6.23829
268 6.23829 6.23829 6.23829 6.23829
269 6.23829 6.23829 6.23829 6.23829
270 6.23829 6.23829 6.23829 6.23829
271 6.23829 6.23829 6.23829 6.23829
272 6.23829 6.23829 6.23829 6.23829
273 6.23829 6.23829 6.23829 6.23829
274 6.23829 6.23829 6.23829 6.23829
275 6.23829 6.23829 6.23829 6.23829
276 6.23829 6.23829 6.23829 6.23829
277 6.23829 6.23829 6.23829 6.23829
278 6.23829 6.23829 6.23829 6.23829
279 6.23829 6.23829 6.23829 6.23829
280 6.23829 6.23829 6.23829 6.23829
281 6.23829 6.23829 6.23829 6.23829
282 6.23829 6.23829 6.23829 6.23829
283 6.23829 6.23829 6.23829 6.23829
284 6.23829 6.23829 6.23829 6.23829
285 6.23829 6.23829 6.23829 6.23829
286 6.23829 6.23829 6.23829 6.23829
287 6.23829 6.23829 6.23829 6.23829
288 6.23829 6.23829 6.23829 6.23829
289 6.23829 6.23829 6.23829 6.23829
290 6.23829 6.23829 6.23829 6.23829
291 6.23829 6.23829 6.23829 6.23829
292 6.23829 6.23829 6.23829 6.23829
293 6.23829 6.23829 6.23829 6.23829
294 6.23829 6.23829 6.23829 6.23829
295 6.23829 6.23829 6.23829 6.23829
296 6.23829 6.23829 6.23829 6.23829
297 6.23829 6.23829 6.23829 6.23829
298 6.23829 6.23829 6.23829 6.23829
299 6.23829 6.23829 6.23829 6.23829
300 6.23829 6.23829 6.23829 6.23829
301 6.23829 6.23829 6.23829 6.23829
302 6.23829 6.23829 6.23829 6.23829
303 6.23829 6.23829 6.23829 6.23829
304 6.23829 6.23829 6.23829 6.23829
305 6.23829 6.23829 6.23829 6.23829
306 6.23829 6.23829 6.23829 6.23829
307 6.23829 6.23829 6.23829 6.23829
308 6.23829 6.23829 6.23829 6.23829
309 6.23829 6.23829 6.23829 6.23829
310 6.23829 6.23829 6.23829 6.23829
311 6.23829 6.23829 6.23829 6.23829
312 6.23829 6.23829 6.23829 6.23829
313 6.23829 6.23829 6.23829 6.23829
314 6.23829 6.23829 6.23829 6.23829
315 6.23829 6.23829 6.23829 6.23829
316 6.23829 6.23829 6.23829 6.23829
317 6.23829 6.23829 6.23829 6.23829
318 6.23829 6.23829 6.23829 6.23829
319 6.23829 6.23829 6.23829 6.23829
320 6.23829 6.23829 6.23829 6.23829
321 6.23829 6.23829 6.23829 6.23829
322 6.23829 6.23829 6.23829 6.23829
323 6.23829 6.23829 6.23829 6.23829
324 6.23829 6.23829 6.23829 6.23829
325 6.23829 6.23829 6.23829 6.23829
326 6.23829 6.23829 6.23829 6.23829
327 6.23829 6.23829 6.23829 6.23829
328 6.23829 6.23829 6.23829 6.23829
329 6.23829 6.23829 6.23829 6.23829
330 6.23829 6.23829 6.23829 6.23829
331 6.23829 6.23829 6.23829 6.23829
332 6.23829 6.23829 6.23829 6.23829
333 6.23829 6.23829 6.23829 6.23829
334 6.23829 6.23829 6.23829 6.23829
335 6.23829 6.23829 6.23829 6.23829
336 6.23829 6.23829 6.23829 6.23829
337 6.23829 6.23829 6.23829 6.23829
338 6.23829 6.23829 6.23829 6.23829
339 6.23829 6.23829 6.23829 6.23829
340 6.23829 6.23829 6.23829 6.23829
341 6.23829 6.23829 6.23829 6.23829
342 6.23829 6.23829 6.23829 6.23829
343 6.23829 6.23829 6.23829 6.23829
344 6.23829 6.23829 6.23829 6.23829
345 6.23829 6.23829 6.23829 6.23829
346 6.23829 6.23829 6.23829 6.23829
347 6.23829 6.23829 6.23829 6.23829
348 6.23829 6.23829 6.23829 6.23829
349 6.23829 6.23829 6.23829 6.23829
350 6.23829 6.23829 6.23829 6.23829
351 6.23829 6.23829 6.23829 6.23829
352 6.23829 6.23829 6.23829 6.23829
353 6.23829 6.23829 6.23829 6.23829
354 6.23829 6.23829 6.23829 6.23829
355 6.23829 6.23829 6.23829 6.23829
356 6.23829 6.23829 6.23829 6.23829
357 6.23829 6.23829 6.23829 6.23829
358 6.23829 6.23829 6.23829 6.23829
359 6.23829 6.23829 6.23829 6.23829
360 6.23829 6.23829 6.23829 6.23829
361 6.23829 6.23829 6.23829 6.23829
362 6.23829 6.23829 6.23829 6.23829
363 6.23829 6.23829 6.23829 6.23829
364 6.23829 6.23829 6.23829 6.23829
365 6.23829 6.23829 6.23829 6.23829
366 6.23829 6.23829 6.23829 6.23829
367 6.23829 6.23829 6.23829 6.23829
368 6.23829 6.23829 6.23829 6.23829
369 6.23829 6.23829 6.23829 6.23829
370 6.23829 6.23829 6.23829 6.23829
371 6.23829 6.23829 6.23829 6.23829
372 6.23829 6.23829 6.23829 6.23829
373 6.23829 6.23829 6.23829 6.23829
374 6.23829 6.23829 6.23829 6.23829
375 6.23829 6.23829 6.23829 6.23829
376 6.23829 6.23829 6.23829 6.23829
377 6.23829 6.23829 6.23829 6.23829
378 6.23829 6.23829 6.23829 6.23829
379 6.23829 6.23829 6.23829 6.23829
380 6.23829 6.23829 6.23829 6.23829
381 6.23829 6.23829 6.23829 6.23829
382 6.23829 6.23829 6.23829 6.23829
383 6.23829 6.23829 6.23829 6.23829
384 6.23829 6.23829 6.23829 6.23829
385 6.23829 6.23829 6.23829 6.23829
386 6.23829 6.23829 6.23829 6.23829
387 6.23829 6.23829 6.23829 6.23829
388 6.23829 6.23829 6.23829 6.23829
389 6.23829 6.23829 6.23829 6.23829
390 6.23829 6.23829 6.23829 6.23829
391 6.23829 6.23829 6.23829 6.23829
392 6.23829 6.23829 6.23829 6.23829
393 6.23829 6.23829 6.23829 6.23829
394 6.23829 6.23829 6.23829 6.23829
395 6.23829 6.23829 6.23829 6.23829
396 6.23829 6.23829 6.23829 6.23829
397 6.23829 6.23829 6.23829 6.23829
398 6.23829 6.23829 6.23829 6.23829
399 6.23829 6.23829 6.23829 6.23829
400 6.23829 6.23829 6.23829 6.23829
401 6.23829 6.23829 6.23829 6.23829
402 6.23829 6.23829 6.23829 6.23829
403 6.23829 6.23829 6.23829 6.23829
404 6.23829 6.23829 6.23829 6.23829
405 6.23829 6.23829 6.23829 6.23829
406 6.23829 6.23829 6.23829 6.23829
407 6.23829 6.23829 6.23829 6.23829
408 6.23829 6.23829 6.23829 6.23829
409 6.23829 6.23829 6.23829 6.23829
410 6.23829 6.23829 6.23829 6.23829
411 6.23829 6.23829 6.23829 6.23829
412 6.23829 6.23829 6.23829 6.23829
413 6.23829 6.23829 6.23829 6.23829
414 6.23829 6.23829 6.23829 6.23829
415 6.23829 6.23829 6.23829 6.23829
416 6.23829 6.23829 6.23829 6.23829
417 6.23829 6.23829 6.23829 6.23829
418 6.23829 6.23829 6.23829 6.23829
419 6.23829 6.23829 6.23829 6.23829
420 6.23829 6.23829 6.23829 6.23829
421 6.23829 6.23829 6.23829 6.23829
422 6.23829 6.23829 6.23829 6.23829
423 6.23829 6.23829 6.23829 6.23829
424 6.23829 6.23829 6.23829 6.23829
425 6.23829 6.23829 6.23829 6.23829
426 6.23829 6.23829 6.23829 6.23829
427 6.23829 6.23829 6.23829 6.23829
428 6.23829 6.23829 6.23829 6.23829
429 6.23829 6.23829 6.23829 6.23829
430 6.23829 6.23829 6.23829 6.23829
431 6.23829 6.23829 6.23829 6.23829
432 6.23829 6.23829 6.23829 6.23829
433 6.23829 6.23829 6.23829 6.23829
434 6.23829 6.23829 6.23829 6.23829
435 6.23829 6.23829 6.23829 6.23829
436 6.23829 6.23829 6.23829 6.23829
437 6.23829 6.23829 6.23829 6.23829
438 6.23829 6.23829 6.23829 6.23829
439 6.23829 6.23829 6.23829 6.23829
440 6.23829 6.23829 6.23829 6.23829
441 6.23829 6.23829 6.23829 6.23829
442 6.23829 6.23829 6.23829 6.23829
443 6.23829 6.23829 6.23829 6.23829
444 6.23829 6.23829 6.23829 6.23829
445 6.23829 6.23829 6.23829 6.23829
446 6.23829 6.23829 6.23829 6.23829
447 6.23829 6.23829 6.23829 6.23829
448 6.23829 6.23829 6.23829 6.23829
449 6.23829 6.23829 6.23829 6.23829
450 6.23829 6.23829 6.23829 6.23829
451 6.23829 6.23829 6.23829 6.23829
452 6.23829 6.23829 6.23829 6.23829
453 6.23829 6.23829 6.23829 6.23829
454 6.23829 6.23829 6.23829 6.23829
455 6.23829 6.23829 6.23829 6.23829
456 6.23829 6.23829 6.23829 6.23829
457 6.23829 6.23829 6.23829 6.23829
458 6.23829 6.23829 6.23829 6.23829
459 6.23829 6.23829 6.23829 6.23829
460 6.23829 6.23829 6.23829 6.23829
461 6.23829 6.23829 6.23829 6.23829
462 6.23829 6.23829 6.23829 6.23829
463 6.23829 6.23829 6.23829 6.23829
464 6.23829 6.23829 6.23829 6.23829
465 6.23829 6.23829 6.23829 6.23829
466 6.23829 6.23829 6.23829 6.23829
467 6.23829 6.23829 6.23829 6.23829
468 6.23829 6.23829 6.23829 6.23829
469 6.23829 6.23829 6.23829 6.23829
470 6.23829 6.23829 6.23829 6.23829
471 6.23829 6.23829 6.23829 6.23829
472 6.23829 6.23829 6.23829 6.23829
473 6.23829 6.23829 6.23829 6.23829
474 6.23829 6.23829 6.23829 6.23829
475 6.23829 6.23829 6.23829 6.23829
476 6.23829 6.23829 6.23829 6.23829
477 6.23829 6.23829 6.23829 6.23829
478 6.23829 6.23829 6.23829 6.23829
479 6.23829 6.23829 6.23829 6.23829
480 6.23829 6.23829 6.23829 6.23829
481 6.23829 6.23829 6.23829 6.23829
482 6.23829 6.23829 6.23829 6.23829
483 6.23829 6.23829 6.23829 6.23829
484 6.23829 6.23829 6.23829 6.23829
485 6.23829 6.23829 6.23829 6.23829
486 6.23829 6.23829 6.23829 6.23829
487 6.23829 6.23829 6.23829 6.23829
488 6.23829 6.23829 6.23829 6.23829
489 6.23829 6.23829 6.23829 6.23829
490 6.23829 6.23829 6.23829 6.23829
491 6.23829 6.23829 6.23829 6.23829
492 6.23829 6.23829 6.23829 6.23829
493 6.23829 6.23829 6.23829 6.23829
494 6.23829 6.23829 6.23829 6.23829
495 6.23829 6.23829 6.23829 6.23829
496 6.23829 6.23829 6.23829 6.23829
497 6.23829 6.23829 6.23829 6.23829
498 6.23829 6.23829 6.23829 6.23829
499 6.23829 6.23829 6.23829 6.23829
