           1           2           0
           1           3           0
           1           4           0
           1           5           0
           1           6           0
           1           7           0
           1           8           0
           1           9           0
           1          10           0
           1          11           0
           1          12           0
           1          13           0
           1          14           0
           1          15           0
           1          16           0
           1          17           0
           1          18           0
           1          19           0
           1          20           0
           1          21           0
           1          22           0
           1          23           0
           1          24           0
           1          25           0
           1          26           0
           1          27           0
           1          28           0
           1          29           0
           1          30           0
           1          31           0
           1          32           0
           1          33           0
           1          34           0
           1          35           0
           1          36           0
           1          37           0
           1          38           0
           1          39           0
           1          40           0
           1          41  0.00251853
           1          42   0.0503763
           1          43    0.308973
           1          44     1.02492
           1          45     2.27655
           1          46     3.64108
           1          47     4.60443
           1          48      4.8554
           1          49     4.44397
           1          50     3.61202
           1          51     2.66621
           1          52     1.83634
           1          53     1.13788
           1          54    0.671038
           1          55    0.369353
           1          56    0.197311
           1          57   0.0981268
           1          58   0.0539929
           1          59   0.0495891
           1          60   0.0676839
           1          61    0.110013
           1          62    0.193219
           1          63    0.305141
           1          64    0.466865
           1          65    0.622771
           1          66    0.787252
           1          67    0.903666
           1          68    0.948942
           1          69    0.902946
           1          70    0.803472
           1          71    0.639365
           1          72    0.476713
           1          73     0.32923
           1          74    0.226571
           1          75    0.206344
           1          76    0.273611
           1          77    0.454308
           1          78     0.76898
           1          79     1.21234
           1          80      1.7249
           1          81     2.21648
           1          82     2.58139
           1          83     2.68989
           1          84     2.51698
           1          85     2.14577
           1          86     1.68084
           1          87     1.18707
           1          88    0.815496
           1          89    0.573563
           1          90     0.45046
           1          91    0.477067
           1          92    0.600288
           1          93    0.773488
           1          94    0.913559
           1          95     1.00093
           1          96     1.01639
           1          97    0.916645
           1          98    0.781076
           1          99    0.660953
           1         100    0.586565
           1         101    0.586808
           2           2           0
           2           3           0
           2           4           0
           2           5           0
           2           6           0
           2           7           0
           2           8           0
           2           9           0
           2          10           0
           2          11           0
           2          12           0
           2          13           0
           2          14           0
           2          15           0
           2          16           0
           2          17           0
           2          18           0
           2          19           0
           2          20           0
           2          21           0
           2          22           0
           2          23           0
           2          24           0
           2          25           0
           2          26           0
           2          27           0
           2          28           0
           2          29           0
           2          30           0
           2          31           0
           2          32           0
           2          33           0
           2          34           0
           2          35           0
           2          36           0
           2          37           0
           2          38           0
           2          39           0
           2          40           0
           2          41  0.00321813
           2          42   0.0512414
           2          43    0.292748
           2          44     1.01779
           2          45     2.26617
           2          46     3.64268
           2          47     4.57733
           2          48     4.88458
           2          49     4.49027
           2          50     3.63025
           2          51     2.69499
           2          52     1.82205
           2          53     1.14463
           2          54    0.646444
           2          55    0.357378
           2          56    0.179267
           2          57   0.0889839
           2          58   0.0552239
           2          59   0.0483345
           2          60   0.0668227
           2          61     0.10585
           2          62    0.189044
           2          63    0.294001
           2          64    0.453368
           2          65    0.619198
           2          66    0.800686
           2          67    0.915064
           2          68     0.97486
           2          69    0.924388
           2          70    0.802984
           2          71    0.640812
           2          72    0.461471
           2          73    0.320668
           2          74    0.226883
           2          75    0.196827
           2          76    0.258841
           2          77    0.440826
           2          78     0.75695
           2          79     1.19738
           2          80     1.73714
           2          81      2.2299
           2          82     2.59777
           2          83     2.70772
           2          84     2.53414
           2          85     2.17165
           2          86     1.68069
           2          87     1.19604
           2          88    0.802074
           2          89    0.548413
           2          90    0.447324
           2          91    0.467746
           2          92    0.593184
           2          93    0.762797
           2          94    0.915944
           2          95     1.01771
           2          96     1.02193
           2          97    0.910003
           2          98    0.776962
           2          99    0.651594
           2         100    0.573232
           2         101    0.583897
           3           2           0
           3           3           0
           3           4           0
           3           5           0
           3           6           0
           3           7           0
           3           8           0
           3           9           0
           3          10           0
           3          11           0
           3          12           0
           3          13           0
           3          14           0
           3          15           0
           3          16           0
           3          17           0
           3          18           0
           3          19           0
           3          20           0
           3          21           0
           3          22           0
           3          23           0
           3          24           0
           3          25           0
           3          26           0
           3          27           0
           3          28           0
           3          29           0
           3          30           0
           3          31           0
           3          32           0
           3          33           0
           3          34           0
           3          35           0
           3          36           0
           3          37           0
           3          38           0
           3          39           0
           3          40           0
           3          41  0.00363788
           3          42   0.0467828
           3          43    0.275889
           3          44    0.962798
           3          45     2.24569
           3          46     3.59974
           3          47     4.64487
           3          48     4.94001
           3          49     4.51146
           3          50     3.67828
           3          51     2.72448
           3          52     1.82517
           3          53     1.13258
           3          54    0.640068
           3          55    0.336251
           3          56    0.168977
           3          57   0.0749506
           3          58    0.043632
           3          59   0.0347982
           3          60   0.0554358
           3          61   0.0990979
           3          62    0.181081
           3          63    0.289182
           3          64    0.452334
           3          65    0.630947
           3          66    0.796383
           3          67    0.929007
           3          68    0.992509
           3          69    0.941326
           3          70     0.82099
           3          71     0.64958
           3          72     0.45877
           3          73    0.310547
           3          74    0.210393
           3          75    0.179834
           3          76     0.23935
           3          77    0.417445
           3          78     0.72386
           3          79     1.17685
           3          80     1.69993
           3          81     2.22875
           3          82     2.64561
           3          83     2.77995
           3          84     2.60787
           3          85     2.20809
           3          86     1.69919
           3          87     1.18779
           3          88    0.781635
           3          89    0.512983
           3          90    0.405039
           3          91    0.451175
           3          92    0.574845
           3          93    0.755496
           3          94    0.921711
           3          95      1.0253
           3          96     1.04717
           3          97    0.923695
           3          98    0.783573
           3          99    0.644509
           3         100    0.569261
           3         101     0.55491
           4           2           0
           4           3           0
           4           4           0
           4           5           0
           4           6           0
           4           7           0
           4           8           0
           4           9           0
           4          10           0
           4          11           0
           4          12           0
           4          13           0
           4          14           0
           4          15           0
           4          16           0
           4          17           0
           4          18           0
           4          19           0
           4          20           0
           4          21           0
           4          22           0
           4          23           0
           4          24           0
           4          25           0
           4          26           0
           4          27           0
           4          28           0
           4          29           0
           4          30           0
           4          31           0
           4          32           0
           4          33           0
           4          34           0
           4          35           0
           4          36           0
           4          37           0
           4          38           0
           4          39           0
           4          40 0.000147281
           4          41  0.00314817
           4          42   0.0461173
           4          43    0.294649
           4          44     1.04251
           4          45      2.2518
           4          46     3.63292
           4          47     4.57011
           4          48     4.88543
           4          49     4.45592
           4          50      3.6742
           4          51     2.69646
           4          52     1.83009
           4          53     1.11932
           4          54    0.650404
           4          55    0.360887
           4          56    0.185147
           4          57   0.0953627
           4          58   0.0512915
           4          59   0.0488627
           4          60   0.0648771
           4          61    0.114144
           4          62    0.190058
           4          63    0.303814
           4          64    0.452726
           4          65    0.626561
           4          66    0.804858
           4          67    0.913309
           4          68    0.961432
           4          69    0.917776
           4          70    0.793516
           4          71    0.623795
           4          72    0.458199
           4          73     0.32007
           4          74    0.234587
           4          75    0.208789
           4          76    0.268694
           4          77    0.454672
           4          78    0.755327
           4          79     1.19678
           4          80     1.74166
           4          81     2.23514
           4          82     2.56819
           4          83     2.69106
           4          84     2.53357
           4          85     2.17063
           4          86     1.68123
           4          87     1.20481
           4          88    0.801782
           4          89    0.557281
           4          90    0.445136
           4          91    0.474996
           4          92    0.592091
           4          93    0.761689
           4          94    0.917935
           4          95     1.01332
           4          96     1.01575
           4          97    0.923515
           4          98     0.78301
           4          99    0.654511
           4         100    0.580737
           4         101    0.583357
           5           2           0
           5           3           0
           5           4           0
           5           5           0
           5           6           0
           5           7           0
           5           8           0
           5           9           0
           5          10           0
           5          11           0
           5          12           0
           5          13           0
           5          14           0
           5          15           0
           5          16           0
           5          17           0
           5          18           0
           5          19           0
           5          20           0
           5          21           0
           5          22           0
           5          23           0
           5          24           0
           5          25           0
           5          26           0
           5          27           0
           5          28           0
           5          29           0
           5          30           0
           5          31           0
           5          32           0
           5          33           0
           5          34           0
           5          35           0
           5          36           0
           5          37           0
           5          38           0
           5          39           0
           5          40 7.36405e-05
           5          41  0.00552678
           5          42   0.0494447
           5          43    0.292621
           5          44    0.980202
           5          45     2.21898
           5          46     3.60089
           5          47     4.60686
           5          48     4.93011
           5          49     4.54804
           5          50     3.70102
           5          51     2.69561
           5          52     1.80698
           5          53     1.13035
           5          54    0.639949
           5          55    0.345556
           5          56    0.168793
           5          57   0.0822153
           5          58   0.0464701
           5          59   0.0374064
           5          60   0.0561056
           5          61    0.108409
           5          62    0.184958
           5          63    0.303381
           5          64     0.45158
           5          65      0.6336
           5          66    0.794205
           5          67    0.916133
           5          68    0.981031
           5          69    0.926712
           5          70    0.812382
           5          71    0.646439
           5          72    0.465995
           5          73    0.314284
           5          74     0.21355
           5          75    0.190967
           5          76    0.249164
           5          77    0.414859
           5          78    0.734418
           5          79     1.17612
           5          80     1.71699
           5          81     2.24951
           5          82     2.62745
           5          83     2.74334
           5          84     2.57185
           5          85     2.21592
           5          86     1.70297
           5          87     1.18446
           5          88    0.787762
           5          89    0.529094
           5          90    0.414447
           5          91    0.444988
           5          92    0.572672
           5          93    0.753736
           5          94    0.928256
           5          95     1.02619
           5          96     1.03356
           5          97    0.929404
           5          98    0.783327
           5          99    0.650664
           5         100    0.564502
           5         101    0.569144
           6           2           0
           6           3           0
           6           4           0
           6           5           0
           6           6           0
           6           7           0
           6           8           0
           6           9           0
           6          10           0
           6          11           0
           6          12           0
           6          13           0
           6          14           0
           6          15           0
           6          16           0
           6          17           0
           6          18           0
           6          19           0
           6          20           0
           6          21           0
           6          22           0
           6          23           0
           6          24           0
           6          25           0
           6          26           0
           6          27           0
           6          28           0
           6          29           0
           6          30           0
           6          31           0
           6          32           0
           6          33           0
           6          34           0
           6          35           0
           6          36           0
           6          37           0
           6          38           0
           6          39           0
           6          40           0
           6          41  0.00405764
           6          42   0.0461173
           6          43     0.30124
           6          44      1.0161
           6          45     2.26201
           6          46     3.60944
           6          47     4.61276
           6          48     4.89114
           6          49     4.47803
           6          50     3.63629
           6          51     2.70639
           6          52     1.83972
           6          53     1.13122
           6          54    0.651909
           6          55    0.346433
           6          56    0.184191
           6          57   0.0830304
           6          58   0.0514967
           6          59   0.0401137
           6          60   0.0560099
           6          61   0.0952437
           6          62    0.175415
           6          63    0.302255
           6          64     0.46463
           6          65    0.637065
           6          66    0.814749
           6          67    0.918576
           6          68    0.969479
           6          69    0.925323
           6          70    0.803752
           6          71    0.643953
           6          72      0.4712
           6          73    0.312127
           6          74    0.218825
           6          75    0.182966
           6          76    0.249518
           6          77    0.435809
           6          78    0.755252
           6          79      1.1885
           6          80     1.73341
           6          81     2.24581
           6          82     2.61328
           6          83     2.72299
           6          84     2.55206
           6          85     2.16485
           6          86     1.68554
           6          87     1.20612
           6          88    0.793802
           6          89    0.542054
           6          90    0.433596
           6          91    0.457307
           6          92    0.581375
           6          93    0.752093
           6          94    0.915141
           6          95     1.02253
           6          96     1.03057
           6          97    0.923527
           6          98    0.782213
           6          99    0.656233
           6         100    0.560057
           6         101    0.569971
           7           2           0
           7           3           0
           7           4           0
           7           5           0
           7           6           0
           7           7           0
           7           8           0
           7           9           0
           7          10           0
           7          11           0
           7          12           0
           7          13           0
           7          14           0
           7          15           0
           7          16           0
           7          17           0
           7          18           0
           7          19           0
           7          20           0
           7          21           0
           7          22           0
           7          23           0
           7          24           0
           7          25           0
           7          26           0
           7          27           0
           7          28           0
           7          29           0
           7          30           0
           7          31           0
           7          32           0
           7          33           0
           7          34           0
           7          35           0
           7          36           0
           7          37           0
           7          38           0
           7          39           0
           7          40 7.36405e-05
           7          41    0.003428
           7          42   0.0439212
           7          43    0.279945
           7          44     0.97857
           7          45     2.18656
           7          46     3.59428
           7          47     4.61624
           7          48      4.9602
           7          49     4.58336
           7          50     3.70399
           7          51     2.72657
           7          52     1.80843
           7          53     1.11331
           7          54    0.637969
           7          55    0.328356
           7          56    0.164714
           7          57   0.0759074
           7          58   0.0448288
           7          59   0.0369772
           7          60   0.0546065
           7          61    0.098697
           7          62     0.17634
           7          63    0.294146
           7          64    0.434757
           7          65    0.638283
           7          66     0.81412
           7          67    0.943866
           7          68     0.99083
           7          69    0.931599
           7          70    0.815918
           7          71    0.634168
           7          72    0.461822
           7          73    0.313472
           7          74     0.20948
           7          75    0.182824
           7          76    0.245034
           7          77    0.412313
           7          78    0.726863
           7          79     1.19269
           7          80     1.70565
           7          81     2.25427
           7          82     2.61633
           7          83     2.75615
           7          84     2.60816
           7          85     2.19641
           7          86     1.69277
           7          87     1.19288
           7          88     0.78394
           7          89    0.514722
           7          90    0.412105
           7          91    0.440232
           7          92     0.57771
           7          93    0.762393
           7          94    0.926291
           7          95     1.02996
           7          96     1.04907
           7          97    0.928303
           7          98    0.781873
           7          99    0.642764
           7         100    0.553768
           7         101      0.5562
           8           2           0
           8           3           0
           8           4           0
           8           5           0
           8           6           0
           8           7           0
           8           8           0
           8           9           0
           8          10           0
           8          11           0
           8          12           0
           8          13           0
           8          14           0
           8          15           0
           8          16           0
           8          17           0
           8          18           0
           8          19           0
           8          20           0
           8          21           0
           8          22           0
           8          23           0
           8          24           0
           8          25           0
           8          26           0
           8          27           0
           8          28           0
           8          29           0
           8          30           0
           8          31           0
           8          32           0
           8          33           0
           8          34           0
           8          35           0
           8          36           0
           8          37           0
           8          38           0
           8          39           0
           8          40           0
           8          41  0.00321813
           8          42   0.0459842
           8          43    0.279565
           8          44    0.994464
           8          45     2.23104
           8          46     3.68633
           8          47      4.6252
           8          48     4.87322
           8          49     4.48505
           8          50     3.65991
           8          51     2.68372
           8          52     1.81143
           8          53     1.14159
           8          54    0.666166
           8          55    0.349599
           8          56    0.177833
           8          57   0.0871057
           8          58   0.0486928
           8          59   0.0412362
           8          60   0.0576047
           8          61    0.107731
           8          62    0.188537
           8          63    0.299802
           8          64    0.450825
           8          65    0.631569
           8          66    0.791738
           8          67    0.932671
           8          68     0.95968
           8          69    0.926233
           8          70    0.804031
           8          71    0.643117
           8          72    0.464194
           8          73    0.324639
           8          74    0.211307
           8          75    0.196342
           8          76    0.249931
           8          77    0.436403
           8          78       0.751
           8          79     1.19651
           8          80     1.72258
           8          81     2.22427
           8          82     2.59093
           8          83     2.72966
           8          84     2.56367
           8          85     2.19375
           8          86     1.69379
           8          87     1.20279
           8          88    0.805517
           8          89    0.535196
           8          90    0.432328
           8          91    0.459638
           8          92    0.583828
           8          93    0.749655
           8          94    0.918764
           8          95     1.01613
           8          96       1.025
           8          97    0.919817
           8          98    0.775461
           8          99    0.654534
           8         100    0.577058
           8         101    0.576002
           9           2           0
           9           3           0
           9           4           0
           9           5           0
           9           6           0
           9           7           0
           9           8           0
           9           9           0
           9          10           0
           9          11           0
           9          12           0
           9          13           0
           9          14           0
           9          15           0
           9          16           0
           9          17           0
           9          18           0
           9          19           0
           9          20           0
           9          21           0
           9          22           0
           9          23           0
           9          24           0
           9          25           0
           9          26           0
           9          27           0
           9          28           0
           9          29           0
           9          30           0
           9          31           0
           9          32           0
           9          33           0
           9          34           0
           9          35           0
           9          36           0
           9          37           0
           9          38           0
           9          39           0
           9          40 0.000220922
           9          41  0.00426751
           9          42   0.0517073
           9          43    0.299909
           9          44     1.01465
           9          45     2.24453
           9          46     3.59417
           9          47     4.58429
           9          48     4.88877
           9          49     4.51238
           9          50     3.64687
           9          51     2.71855
           9          52     1.82183
           9          53     1.14661
           9          54     0.64284
           9          55    0.352459
           9          56     0.18827
           9          57   0.0900116
           9          58   0.0479747
           9          59   0.0407409
           9          60   0.0630271
           9          61    0.112973
           9          62    0.188835
           9          63    0.310221
           9          64    0.452474
           9          65    0.628673
           9          66    0.790689
           9          67    0.919644
           9          68    0.956421
           9          69    0.915859
           9          70    0.797284
           9          71    0.643727
           9          72    0.461361
           9          73    0.320924
           9          74    0.226758
           9          75    0.196605
           9          76    0.267022
           9          77    0.428245
           9          78      0.7485
           9          79     1.20004
           9          80     1.72584
           9          81     2.24049
           9          82     2.58716
           9          83     2.72266
           9          84     2.53632
           9          85     2.18448
           9          86     1.69243
           9          87     1.20905
           9          88    0.807822
           9          89    0.545918
           9          90    0.438056
           9          91    0.458234
           9          92    0.581775
           9          93    0.756017
           9          94    0.915625
           9          95     1.01202
           9          96     1.02714
           9          97    0.915676
           9          98    0.787816
           9          99    0.657359
           9         100    0.582705
           9         101    0.585893
          10           2           0
          10           3           0
          10           4           0
          10           5           0
          10           6           0
          10           7           0
          10           8           0
          10           9           0
          10          10           0
          10          11           0
          10          12           0
          10          13           0
          10          14           0
          10          15           0
          10          16           0
          10          17           0
          10          18           0
          10          19           0
          10          20           0
          10          21           0
          10          22           0
          10          23           0
          10          24           0
          10          25           0
          10          26           0
          10          27           0
          10          28           0
          10          29           0
          10          30           0
          10          31           0
          10          32           0
          10          33           0
          10          34           0
          10          35           0
          10          36           0
          10          37           0
          10          38           0
          10          39           0
          10          40 0.000220922
          10          41  0.00405764
          10          42   0.0441209
          10          43    0.282163
          10          44    0.988844
          10          45     2.22406
          10          46     3.61142
          10          47     4.63317
          10          48     4.95222
          10          49     4.51654
          10          50      3.6542
          10          51     2.70479
          10          52     1.80206
          10          53     1.12867
          10          54    0.647909
          10          55    0.345404
          10          56    0.171402
          10          57   0.0878145
          10          58   0.0474618
          10          59   0.0436463
          10          60   0.0572539
          10          61   0.0990979
          10          62    0.186181
          10          63    0.290653
          10          64     0.45376
          10          65    0.628375
          10          66    0.793313
          10          67    0.940889
          10          68     0.98382
          10          69    0.926568
          10          70    0.822734
          10          71    0.636156
          10          72    0.465402
          10          73    0.308882
          10          74    0.213322
          10          75    0.185815
          10          76    0.247689
          10          77    0.420451
          10          78     0.74462
          10          79     1.18733
          10          80     1.72556
          10          81     2.23489
          10          82     2.62214
          10          83     2.72848
          10          84     2.58468
          10          85     2.18506
          10          86     1.69596
          10          87     1.19495
          10          88    0.789163
          10          89    0.530748
          10          90    0.430628
          10          91    0.458179
          10          92    0.584561
          10          93     0.75135
          10          94    0.924084
          10          95     1.01907
          10          96     1.02406
          10          97    0.922941
          10          98    0.780783
          10          99    0.640708
          10         100    0.561734
          10         101     0.56168
