0.499876   0.499898   -0.499914
-0.333389   -0.333334   -0.499965
-0.499933   -0.333463   -0.333271
-0.3332   0.499964   -0.333212
-0.166576   0.499849   0.499902
2.36544e-05   -0.333399   -0.499974
-0.166826   -0.333299   -0.333465
8.35579e-05   0.499919   -0.333423
0.166664   -0.499909   -0.499996
0.333331   -0.333406   0.499925
0.166657   -0.333299   -0.333284
0.33336   0.49987   -0.333434
-0.499858   -0.166576   -0.499988
-0.33349   6.789e-05   0.499968
-0.49995   -8.73315e-05   -0.333264
-0.333466   -0.166785   -0.333263
-0.166641   -0.166548   0.499864
-1.54445e-05   9.41107e-05   -0.499834
-0.166757   0.000169344   -0.333185
0.00014445   -0.166557   -0.333481
0.166546   -0.166807   -0.499919
0.333206   0.000166341   0.499978
0.166592   -7.49989e-05   -0.33331
0.333262   -0.166666   -0.333485
0.499906   0.166515   0.499884
-0.333318   0.333261   0.499893
-0.499868   0.33322   -0.333408
-0.333224   0.166755   -0.333277
-0.166765   0.166561   -0.499932
-0.000143424   0.333307   0.499954
-0.166507   0.333289   -0.333343
-0.000155102   0.166787   -0.333314
0.166692   0.16679   -0.499923
0.333448   0.333268   -0.499846
0.166815   0.33348   -0.333197
0.333264   0.166766   -0.333483
-0.499892   -0.499875   -0.166577
-0.33345   -0.333405   -0.166538
-0.499984   -0.333462   3.98858e-05
-0.333293   -0.499926   0.000157333
-0.166719   -0.499908   -0.166807
3.69264e-05   -0.333421   -0.166657
-0.166556   -0.333165   -0.000134791
-0.000138953   0.499871   0.000150845
0.166763   0.499878   -0.166706
0.333438   -0.333346   -0.166512
0.166803   -0.333475   -0.000127772
0.333257   -0.499861   6.91356e-05
-0.499894   -0.166612   -0.166758
-0.333413   -0.000137883   -0.166777
0.49984   -3.32942e-05   -0.000103579
-0.333176   -0.166553   9.77915e-05
-0.166504   -0.166531   -0.166673
7.26862e-05   3.90919e-05   -0.166738
-0.166582   -9.90242e-06   9.60968e-06
0.000127227   -0.166706   -0.000104688
0.166763   -0.166732   -0.166554
0.333355   7.19339e-05   -0.166622
0.166746   5.48882e-05   -0.000153367
0.333385   -0.166727   6.32391e-05
-0.499959   0.166717   -0.166784
-0.333231   0.33331   -0.166509
-0.49993   0.333461   0.000137372
-0.333436   0.166828   -7.04531e-05
-0.166722   0.166791   -0.166558
0.000147889   0.333379   -0.166771
-0.166654   0.333271   2.4188e-05
-4.10717e-05   0.166727   -9.92152e-05
0.166562   0.166512   -0.16668
0.333181   0.333244   -0.166809
0.166609   0.333243   1.51436e-05
0.333323   0.16668   4.49394e-05
0.499853   -0.499971   0.16681
-0.333487   -0.333395   0.166709
0.49991   -0.333435   0.333205
-0.333459   0.499848   0.333317
-0.166789   -0.49994   0.166627
-9.83811e-05   -0.33347   0.166521
-0.166649   -0.333334   0.333427
-0.000163641   0.499971   0.333498
0.166655   0.499909   0.166783
0.333303   -0.333184   0.166555
0.166811   -0.333187   0.333379
0.333431   0.499937   0.333475
0.49994   -0.166662   0.166756
-0.333407   -4.59938e-05   0.166677
-0.499914   1.24711e-05   0.333365
-0.333435   -0.166605   0.33328
-0.166789   -0.166595   0.166674
1.31162e-05   -1.47072e-05   0.166731
-0.166664   7.76823e-05   0.333308
-0.000128801   -0.166819   0.333298
0.166577   -0.166678   0.166633
0.333285   -2.35922e-05   0.166544
0.16681   5.95072e-05   0.333435
0.333386   -0.166786   0.333246
-0.499967   0.166637   0.1667
-0.333457   0.33342   0.166715
-0.499902   0.333356   0.333183
-0.333386   0.166685   0.333268
-0.166731   0.166703   0.166828
5.52397e-05   0.333504   0.166534
-0.166574   0.333362   0.333313
-3.68816e-05   0.166565   0.333234
0.16679   0.166611   0.16656
0.333403   0.333466   0.166752
0.166724   0.333326   0.33346
0.333471   0.166718   0.333238
