           2           0           0           0
           3           0           0           0
           4           0           0           0
           5           0           0           0
           6           0           0           0
           7           0           0           0
           8           0           0           0
           9           0           0           0
          10           0           0           0
          11           0           0           0
          12           0           0           0
          13           0           0           0
          14           0           0           0
          15           0           0           0
          16           0           0           0
          17           0           0           0
          18           0           0           0
          19           0           0           0
          20           0           0           0
          21           0           0           0
          22           0           0           0
          23           0           0           0
          24           0           0           0
          25           0           0           0
          26           0           0           0
          27           0           0           0
          28           0           0           0
          29           0           0           0
          30           0           0           0
          31           0           0           0
          32           0           0           0
          33           0           0           0
          34           0           0           0
          35           0 2.91784e-05 2.76811e-05
          36  0.00100876  0.00141226 0.000146269
          37   0.0232986   0.0244245 0.000660525
          38    0.175251    0.166681  0.00255487
          39    0.543729    0.559447  0.00431638
          40     1.17965     1.20855  0.00799742
          41     1.84595     1.87259  0.00820621
          42     2.33721     2.34624  0.00695576
          43     2.55493     2.56092  0.00520607
          44     2.56859     2.54759   0.0057777
          45     2.43703     2.40677  0.00570837
          46     2.18487     2.19983   0.0045517
          47     1.98723     1.96801  0.00485818
          48     1.76507     1.74767  0.00480306
          49     1.54059     1.54935  0.00618915
          50     1.39785     1.38138  0.00493171
          51     1.24969     1.24106  0.00352388
          52     1.11405     1.12201  0.00313571
          53     1.01536     1.01454  0.00382112
          54    0.938439    0.934874  0.00280271
          55    0.875541    0.869283  0.00339725
          56    0.817541    0.818698  0.00239164
          57    0.769812    0.769826  0.00191879
          58    0.728955    0.734994  0.00317578
          59    0.714386    0.714938  0.00210427
          60    0.696902    0.696475  0.00298145
          61    0.672287    0.681124  0.00254352
          62    0.662205    0.676183  0.00336594
          63    0.651611     0.67125  0.00375192
          64    0.669797    0.675615  0.00201987
          65    0.681488    0.688186  0.00260056
          66    0.693188    0.701495  0.00332378
          67    0.723986    0.725192  0.00450334
          68    0.764283    0.751591  0.00417436
          69    0.795112    0.784055  0.00367724
          70     0.82085    0.817935  0.00368004
          71    0.858935    0.855256  0.00330808
          72    0.894808    0.895918  0.00336866
          73    0.950111    0.936719  0.00309853
          74     0.98682    0.977437  0.00361534
          75     1.02483     1.02201  0.00271455
          76       1.065     1.05685  0.00396531
          77     1.10017      1.0953  0.00239617
          78     1.12393     1.13213  0.00380681
          79      1.1628     1.16438  0.00248509
          80     1.17024     1.18517  0.00269077
          81     1.19285      1.2031  0.00388813
          82     1.21161     1.21205  0.00335118
          83     1.20689     1.21077  0.00415813
          84     1.21828     1.20626  0.00350989
          85      1.1969     1.19381  0.00326928
          86       1.175     1.17585   0.0032957
          87     1.15038     1.14875  0.00254776
          88     1.12989     1.12403  0.00398594
          89     1.08261     1.09403  0.00308946
          90     1.06524     1.06537  0.00276962
          91      1.0334     1.03287  0.00270286
          92     1.01288     1.00822  0.00242241
          93    0.994889    0.985355  0.00308032
          94    0.973712     0.96362  0.00305772
          95    0.956054    0.945211  0.00338391
          96    0.929877    0.930731  0.00190978
          97    0.914599    0.916906  0.00229199
          98     0.90839    0.905349   0.0017494
          99    0.892068    0.893594  0.00186584
         100    0.882598    0.886307  0.00212278
         101     0.88347    0.887161  0.00201611
