           2           0           0           0
           3           0           0           0
           4           0           0           0
           5           0           0           0
           6           0           0           0
           7           0           0           0
           8           0           0           0
           9           0           0           0
          10           0           0           0
          11           0           0           0
          12           0           0           0
          13           0           0           0
          14           0           0           0
          15           0           0           0
          16           0           0           0
          17           0           0           0
          18           0           0           0
          19           0           0           0
          20           0           0           0
          21           0           0           0
          22           0           0           0
          23           0           0           0
          24           0           0           0
          25           0           0           0
          26           0           0           0
          27           0           0           0
          28           0           0           0
          29           0           0           0
          30           0           0           0
          31           0           0           0
          32           0           0           0
          33           0           0           0
          34           0           0           0
          35           0           0           0
          36           0           0           0
          37           0           0           0
          38           0           0           0
          39           0           0           0
          40 0.000220922 7.36405e-05 2.75538e-05
          41  0.00405764  0.00370784 0.000248134
          42   0.0441209   0.0475813 0.000863424
          43    0.282163     0.29077  0.00329415
          44    0.988844     1.00208  0.00745991
          45     2.22406     2.24074   0.0079524
          46     3.61142     3.62129  0.00883079
          47     4.63317     4.60752  0.00730069
          48     4.95222     4.90611   0.0108843
          49     4.51654      4.5025   0.0125035
          50      3.6542      3.6597  0.00900482
          51     2.70479     2.70178  0.00560867
          52     1.80206     1.82041  0.00385897
          53     1.12867     1.13262  0.00319447
          54    0.647909     0.64947  0.00334309
          55    0.345404    0.349168  0.00354666
          56    0.171402     0.17859  0.00308576
          57   0.0878145   0.0863509  0.00225852
          58   0.0474618   0.0491065  0.00114527
          59   0.0436463   0.0421705   0.0015848
          60   0.0572539   0.0599427  0.00152577
          61   0.0990979    0.105126  0.00199135
          62    0.186181    0.185367  0.00178602
          63    0.290653     0.29926  0.00207647
          64     0.45376    0.453332   0.0025835
          65    0.628375    0.629704  0.00178642
          66    0.793313    0.798799  0.00289035
          67    0.940889    0.923283  0.00386385
          68     0.98382      0.9719  0.00452631
          69    0.926568    0.923873  0.00304453
          70    0.822734    0.807706  0.00295122
          71    0.636156    0.640111  0.00220182
          72    0.465402    0.464513  0.00172026
          73    0.308882    0.317484  0.00198744
          74    0.213322    0.219168  0.00266119
          75    0.185815    0.192731  0.00299798
          76    0.247689    0.254886  0.00343585
          77    0.420451    0.431533  0.00464973
          78     0.74462    0.746577  0.00429061
          79     1.18733     1.19245  0.00326317
          80     1.72556     1.72337  0.00392847
          81     2.23489     2.23595  0.00352543
          82     2.62214     2.60502  0.00715871
          83     2.72848     2.72719   0.0083694
          84     2.58468     2.56093  0.00959503
          85     2.18506     2.18366  0.00633153
          86     1.69596     1.69054  0.00240942
          87     1.19495      1.1966  0.00261588
          88    0.789163    0.796899  0.00338217
          89    0.530748    0.538997  0.00558708
          90    0.430628    0.430912   0.0046993
          91    0.458179    0.458956  0.00356801
          92    0.584561    0.584233  0.00260467
          93     0.75135    0.757871  0.00217439
          94    0.924084    0.919731  0.00152674
          95     1.01907     1.01832  0.00252361
          96     1.02406     1.02906  0.00344176
          97    0.922941    0.921353  0.00177796
          98    0.780783     0.78161  0.00103969
          99    0.640708    0.651383  0.00201635
         100    0.561734    0.570962  0.00326117
         101     0.56168    0.572786  0.00367847
