           2           0           0           0
           3           0           0           0
           4           0           0           0
           5           0           0           0
           6           0           0           0
           7           0           0           0
           8           0           0           0
           9           0           0           0
          10           0           0           0
          11           0           0           0
          12           0           0           0
          13           0           0           0
          14           0           0           0
          15 0.000598682 0.000718419 0.000165045
          16    0.152581    0.151336  0.00427159
          17     1.14686     1.09408   0.0192183
          18     2.22862     2.09106   0.0364493
          19     2.44843     2.32742   0.0354214
          20     2.21806     2.13075   0.0320545
          21     2.00334     1.85814   0.0226979
          22     1.78361     1.65547   0.0228787
          23     1.63291     1.48161   0.0259754
          24     1.43151     1.36644   0.0217413
          25     1.27612     1.25727   0.0194255
          26     1.20191     1.19978   0.0200384
          27     1.12645     1.17557   0.0189755
          28     1.08004     1.12384   0.0186137
          29      1.0598     1.08449   0.0134752
          30     1.05272     1.06775   0.0152856
          31     1.01492     1.05689   0.0141111
          32     1.05037     1.06201   0.0122719
          33     1.03172     1.05683   0.0109469
          34     1.05116     1.06025  0.00954184
          35     1.06278     1.06062    0.011055
          36     1.03398     1.05359  0.00845957
          37     1.04133       1.054  0.00583911
          38     1.04069     1.04746  0.00834576
          39     1.03677     1.04414  0.00838058
          40      1.0362     1.03884  0.00776044
          41     1.04764     1.03864   0.0102842
          42     1.04366     1.02972   0.0112682
          43      1.0564     1.03325   0.0118123
          44      1.0361      1.0327   0.0129467
          45     1.00943     1.02811   0.0124752
          46     1.01535     1.02179   0.0100833
          47     1.02773     1.01519  0.00891225
          48     1.02676     1.01639   0.0106865
          49     1.02888     1.01656   0.0101306
          50      1.0261     1.01875  0.00980503
          51      1.0306     1.01342   0.0103218
          52     1.02721      1.0139   0.0103847
          53      1.0075     1.00675   0.0101474
          54     1.01891     1.00234   0.0098651
          55     1.00212     1.00612   0.0109346
          56     0.99078     1.00089  0.00908565
          57    0.967873     0.99685  0.00935849
          58    0.972898    0.995993   0.0099325
          59    0.993894     1.00691  0.00968259
          60    0.996377     1.00226  0.00987632
          61    0.969889     1.00077   0.0109805
          62    0.973193    0.999511   0.0110064
          63     0.97984     1.00261   0.0112848
          64    0.974055    0.994851   0.0108127
          65    0.971609    0.997836    0.011275
          66    0.988525    0.995914   0.0102902
          67    0.984346    0.999846   0.0101394
          68    0.994829     1.00387    0.010135
          69    0.997627     1.00833   0.0103191
          70    0.990115      1.0041   0.0109701
          71      0.9755     1.00096   0.0112852
          72    0.972247    0.998292   0.0102641
          73    0.988011     1.00169   0.0090537
          74    0.991825     1.00211  0.00805323
          75    0.991228     1.00057  0.00780891
          76    0.983146    0.997757  0.00732202
          77    0.986708    0.997105  0.00651657
          78    0.982736    0.997447  0.00671609
          79     0.98311     0.99454  0.00486167
          80    0.991649    0.995442  0.00404506
          81    0.989675     0.99427  0.00517761
          82    0.997009    0.997676  0.00584528
          83     1.00415    0.994374   0.0054059
          84     1.00683    0.992612    0.005604
          85    0.994196    0.993976  0.00579401
          86     1.00467    0.993456  0.00450553
          87     1.00007    0.997533  0.00419169
          88    0.996983     0.99778  0.00449582
          89    0.998207    0.999168  0.00419191
          90    0.992041    0.994655  0.00425829
          91    0.977082    0.992984  0.00469524
          92    0.983064     0.99519  0.00390939
          93    0.990626       0.993  0.00336792
          94    0.980384    0.994146  0.00345903
          95    0.989181    0.989623  0.00300334
          96    0.982536    0.988726  0.00286513
          97    0.985945    0.989184  0.00295991
          98    0.993597    0.987922   0.0028931
          99    0.990487    0.988229  0.00234947
         100    0.986173    0.986303  0.00252495
         101    0.988337    0.987276  0.00281635
