           1           2           0
           1           3           0
           1           4           0
           1           5           0
           1           6           0
           1           7           0
           1           8           0
           1           9           0
           1          10           0
           1          11           0
           1          12           0
           1          13           0
           1          14           0
           1          15 0.000598682
           1          16    0.147911
           1          17    0.948827
           1          18      1.8823
           1          19     2.14804
           1          20     2.06117
           1          21     1.80444
           1          22     1.61039
           1          23     1.45961
           1          24     1.32501
           1          25     1.26782
           1          26     1.16809
           1          27     1.16875
           1          28     1.09139
           1          29     1.05561
           1          30     1.04103
           1          31     1.04201
           1          32     1.03688
           1          33     1.06252
           1          34     1.05178
           1          35     1.05003
           1          36     1.03829
           1          37     1.04835
           1          38     1.01849
           1          39     1.01892
           1          40     1.00806
           1          41     0.99573
           1          42    0.997411
           1          43     1.02541
           1          44     1.01211
           1          45     1.04964
           1          46     1.02389
           1          47     1.01276
           1          48     1.01131
           1          49    0.991049
           1          50    0.977333
           1          51    0.972103
           1          52    0.970625
           1          53    0.965605
           1          54    0.957171
           1          55    0.966001
           1          56    0.974978
           1          57    0.976945
           1          58    0.984455
           1          59    0.981712
           1          60    0.980397
           1          61    0.971955
           1          62    0.982796
           1          63    0.990461
           1          64    0.999903
           1          65    0.999141
           1          66    0.993642
           1          67    0.997526
           1          68    0.997767
           1          69     1.00187
           1          70    0.982508
           1          71    0.974596
           1          72    0.975476
           1          73    0.983698
           1          74     0.99251
           1          75    0.991167
           1          76    0.992586
           1          77    0.984602
           1          78    0.981337
           1          79    0.996559
           1          80    0.996007
           1          81     1.00119
           1          82    0.996284
           1          83    0.981403
           1          84    0.982727
           1          85     0.99061
           1          86     1.00107
           1          87     1.00939
           1          88     1.00234
           1          89    0.999789
           1          90    0.992584
           1          91     1.00405
           1          92    0.999844
           1          93    0.991473
           1          94     1.00525
           1          95     1.00496
           1          96     1.00143
           1          97    0.996358
           1          98    0.994793
           1          99    0.987353
           1         100    0.980368
           1         101    0.980398
           2           2           0
           2           3           0
           2           4           0
           2           5           0
           2           6           0
           2           7           0
           2           8           0
           2           9           0
           2          10           0
           2          11           0
           2          12           0
           2          13           0
           2          14           0
           2          15           0
           2          16    0.133898
           2          17     1.04921
           2          18     1.91197
           2          19     2.15766
           2          20      1.9062
           2          21     1.72723
           2          22     1.53482
           2          23     1.32503
           2          24     1.19738
           2          25     1.12513
           2          26     1.04208
           2          27     1.03481
           2          28     1.02565
           2          29     1.01116
           2          30     1.01899
           2          31     1.00451
           2          32     1.00391
           2          33     1.00367
           2          34     1.03349
           2          35     1.04118
           2          36     1.03709
           2          37     1.04835
           2          38      1.0361
           2          39     1.01613
           2          40     1.01388
           2          41     1.03155
           2          42     1.03561
           2          43      1.0436
           2          44      1.0723
           2          45     1.06862
           2          46     1.06815
           2          47     1.02435
           2          48     1.02358
           2          49     1.03372
           2          50      1.0385
           2          51     1.01585
           2          52     1.02781
           2          53     1.02005
           2          54     1.01372
           2          55     1.02126
           2          56     1.01625
           2          57     1.01281
           2          58     1.02433
           2          59     1.03206
           2          60      1.0181
           2          61     1.01731
           2          62     1.00931
           2          63     1.00859
           2          64       1.002
           2          65     1.00163
           2          66    0.982044
           2          67     1.00414
           2          68     1.00243
           2          69     0.99722
           2          70    0.998583
           2          71     1.00332
           2          72     1.00618
           2          73     1.00768
           2          74     1.00921
           2          75     1.01562
           2          76     1.01054
           2          77     1.00835
           2          78     1.01838
           2          79     1.00116
           2          80      1.0074
           2          81     1.00826
           2          82     1.00619
           2          83     1.01302
           2          84     1.01312
           2          85     1.01701
           2          86     1.00727
           2          87     1.00911
           2          88     1.02354
           2          89     1.01859
           2          90     1.01258
           2          91     1.01716
           2          92     1.01548
           2          93     1.01322
           2          94     1.00086
           2          95    0.987208
           2          96    0.985848
           2          97    0.997339
           2          98    0.994242
           2          99    0.995838
           2         100    0.989335
           2         101    0.986661
           3           2           0
           3           3           0
           3           4           0
           3           5           0
           3           6           0
           3           7           0
           3           8           0
           3           9           0
           3          10           0
           3          11           0
           3          12           0
           3          13           0
           3          14           0
           3          15  0.00179605
           3          16    0.171265
           3          17     1.09599
           3          18     2.17772
           3          19     2.38821
           3          20     2.24389
           3          21     1.91781
           3          22     1.71972
           3          23     1.52926
           3          24     1.45997
           3          25      1.3277
           3          26     1.27846
           3          27     1.22482
           3          28     1.16164
           3          29     1.11897
           3          30     1.05473
           3          31      1.0602
           3          32      1.0573
           3          33     1.05944
           3          34     1.06077
           3          35     1.05422
           3          36     1.04241
           3          37     1.06983
           3          38     1.07051
           3          39     1.06083
           3          40     1.07464
           3          41     1.10123
           3          42     1.08279
           3          43      1.0803
           3          44     1.09121
           3          45     1.08846
           3          46       1.066
           3          47     1.04481
           3          48     1.04473
           3          49     1.02854
           3          50     1.03775
           3          51     1.03376
           3          52     1.02349
           3          53     1.01635
           3          54      1.0201
           3          55     1.02546
           3          56     1.01849
           3          57     1.01444
           3          58     1.01383
           3          59     1.03586
           3          60     1.03328
           3          61     1.04602
           3          62     1.02613
           3          63     1.03675
           3          64      1.0205
           3          65     1.01419
           3          66     1.01831
           3          67     1.03088
           3          68     1.02423
           3          69     1.03826
           3          70     1.04934
           3          71     1.03656
           3          72     1.02759
           3          73      1.0273
           3          74     1.02273
           3          75     1.02649
           3          76      1.0212
           3          77     1.02066
           3          78     1.02215
           3          79      1.0115
           3          80     1.01478
           3          81     1.01895
           3          82     1.03048
           3          83     1.01513
           3          84     1.00797
           3          85     1.01018
           3          86      1.0071
           3          87     1.01062
           3          88      1.0067
           3          89     1.00515
           3          90     1.00942
           3          91     1.00793
           3          92    0.997752
           3          93    0.994237
           3          94     1.00092
           3          95    0.989093
           3          96    0.981509
           3          97    0.983216
           3          98    0.970141
           3          99    0.974182
           3         100    0.969342
           3         101    0.965789
           4           2           0
           4           3           0
           4           4           0
           4           5           0
           4           6           0
           4           7           0
           4           8           0
           4           9           0
           4          10           0
           4          11           0
           4          12           0
           4          13           0
           4          14           0
           4          15           0
           4          16    0.141683
           4          17     1.06329
           4          18     2.00857
           4          19     2.24781
           4          20      2.0835
           4          21     1.82711
           4          22     1.64519
           4          23     1.47047
           4          24     1.38688
           4          25     1.25043
           4          26     1.23973
           4          27     1.22381
           4          28     1.15838
           4          29      1.1399
           4          30     1.12313
           4          31     1.11965
           4          32     1.10447
           4          33     1.07242
           4          34     1.08195
           4          35     1.07873
           4          36     1.05626
           4          37     1.06463
           4          38     1.06306
           4          39     1.05959
           4          40     1.05689
           4          41     1.07492
           4          42     1.08046
           4          43     1.07801
           4          44     1.07949
           4          45     1.05685
           4          46     1.05084
           4          47     1.05615
           4          48     1.06654
           4          49     1.08118
           4          50       1.063
           4          51     1.06833
           4          52     1.07074
           4          53     1.05928
           4          54     1.03776
           4          55     1.04327
           4          56     1.02507
           4          57     1.04424
           4          58     1.04648
           4          59     1.05121
           4          60     1.04199
           4          61     1.05647
           4          62     1.06937
           4          63     1.06942
           4          64      1.0625
           4          65     1.06972
           4          66     1.06317
           4          67     1.05701
           4          68     1.06903
           4          69     1.06852
           4          70     1.05758
           4          71     1.05331
           4          72     1.03829
           4          73      1.0406
           4          74     1.03755
           4          75     1.03219
           4          76     1.02187
           4          77     1.01911
           4          78     1.02179
           4          79     1.01686
           4          80     1.00481
           4          81     1.00019
           4          82     1.01456
           4          83     1.00019
           4          84     1.00715
           4          85     1.01319
           4          86     1.00065
           4          87     1.01418
           4          88     1.00682
           4          89     1.01067
           4          90    0.995901
           4          91    0.998845
           4          92    0.996965
           4          93    0.997341
           4          94    0.993971
           4          95     0.99204
           4          96    0.993048
           4          97    0.982354
           4          98    0.981184
           4          99    0.987341
           4         100    0.987906
           4         101    0.994985
           5           2           0
           5           3           0
           5           4           0
           5           5           0
           5           6           0
           5           7           0
           5           8           0
           5           9           0
           5          10           0
           5          11           0
           5          12           0
           5          13           0
           5          14           0
           5          15  0.00119736
           5          16    0.148949
           5          17     1.07964
           5          18     2.19776
           5          19     2.41743
           5          20     2.19319
           5          21      1.8429
           5          22     1.61039
           5          23     1.42136
           5          24     1.32371
           5          25     1.16564
           5          26     1.15063
           5          27     1.12948
           5          28     1.04616
           5          29     1.02588
           5          30    0.981632
           5          31    0.983316
           5          32    0.998278
           5          33     1.00323
           5          34     1.01644
           5          35    0.997513
           5          36     1.00454
           5          37      1.0118
           5          38     1.01161
           5          39      1.0488
           5          40     1.04732
           5          41     1.01343
           5          42     1.03002
           5          43     1.02097
           5          44     1.03658
           5          45     1.02322
           5          46     1.01011
           5          47     1.04344
           5          48     1.06417
           5          49      1.0508
           5          50     1.06216
           5          51     1.05536
           5          52     1.05751
           5          53     1.05413
           5          54     1.05562
           5          55     1.07183
           5          56     1.05039
           5          57     1.03347
           5          58     1.02997
           5          59     1.04094
           5          60     1.04266
           5          61      1.0286
           5          62     1.03197
           5          63     1.03098
           5          64     1.02455
           5          65     1.04259
           5          66     1.03216
           5          67     1.03811
           5          68     1.03447
           5          69      1.0517
           5          70     1.05151
           5          71       1.055
           5          72     1.05509
           5          73       1.045
           5          74     1.04098
           5          75     1.02827
           5          76     1.03157
           5          77     1.01869
           5          78     1.00971
           5          79     1.00001
           5          80    0.985804
           5          81    0.989329
           5          82    0.991938
           5          83    0.988338
           5          84    0.985293
           5          85    0.988466
           5          86     0.98973
           5          87    0.981766
           5          88    0.983488
           5          89    0.990707
           5          90    0.974006
           5          91    0.974738
           5          92    0.973788
           5          93    0.981799
           5          94    0.975459
           5          95    0.969727
           5          96     0.97448
           5          97    0.972995
           5          98    0.973541
           5          99    0.978293
           5         100    0.978871
           5         101    0.983728
           6           2           0
           6           3           0
           6           4           0
           6           5           0
           6           6           0
           6           7           0
           6           8           0
           6           9           0
           6          10           0
           6          11           0
           6          12           0
           6          13           0
           6          14           0
           6          15 0.000598682
           6          16     0.13286
           6          17     1.11779
           6          18     2.09234
           6          19     2.39463
           6          20     2.13675
           6          21     1.88164
           6          22     1.62363
           6          23     1.47236
           6          24     1.38063
           6          25     1.30557
           6          26     1.23864
           6          27     1.21558
           6          28     1.19988
           6          29     1.13961
           6          30     1.13334
           6          31     1.12053
           6          32     1.11068
           6          33     1.11213
           6          34     1.11771
           6          35     1.12745
           6          36     1.08432
           6          37     1.07503
           6          38     1.05634
           6          39     1.03297
           6          40     1.02927
           6          41     1.02973
           6          42     1.03415
           6          43      1.0242
           6          44     1.01157
           6          45     1.02034
           6          46     1.00691
           6          47     1.00253
           6          48    0.993443
           6          49    0.993275
           6          50     1.01427
           6          51     1.01291
           6          52     1.00324
           6          53    0.979639
           6          54    0.963824
           6          55    0.948763
           6          56    0.967407
           6          57    0.956817
           6          58    0.953407
           6          59    0.973656
           6          60    0.963077
           6          61    0.976518
           6          62    0.973909
           6          63     0.96971
           6          64    0.967124
           6          65     0.96449
           6          66    0.965541
           6          67    0.967757
           6          68    0.959803
           6          69    0.974101
           6          70    0.972016
           6          71     0.97541
           6          72    0.967569
           6          73    0.973235
           6          74    0.986758
           6          75    0.983287
           6          76    0.977364
           6          77    0.984966
           6          78    0.979211
           6          79    0.986618
           6          80    0.985095
           6          81    0.988396
           6          82     0.97629
           6          83    0.978937
           6          84    0.969624
           6          85    0.973185
           6          86    0.979335
           6          87      0.9819
           6          88    0.984568
           6          89    0.993388
           6          90    0.995497
           6          91    0.994566
           6          92    0.998845
           6          93    0.986141
           6          94    0.998104
           6          95    0.990204
           6          96    0.991043
           6          97    0.991079
           6          98    0.996118
           6          99    0.993852
           6         100    0.991551
           6         101    0.989483
           7           2           0
           7           3           0
           7           4           0
           7           5           0
           7           6           0
           7           7           0
           7           8           0
           7           9           0
           7          10           0
           7          11           0
           7          12           0
           7          13           0
           7          14           0
           7          15  0.00119736
           7          16    0.170227
           7          17     1.16321
           7          18     2.14685
           7          19      2.3344
           7          20     2.17023
           7          21     1.84318
           7          22     1.68544
           7          23     1.47661
           7          24     1.37804
           7          25     1.25438
           7          26     1.21118
           7          27     1.17899
           7          28      1.1102
           7          29     1.09415
           7          30     1.04224
           7          31     1.05305
           7          32     1.06868
           7          33     1.04536
           7          34     1.02212
           7          35     1.02825
           7          36      1.0636
           7          37     1.06368
           7          38      1.0189
           7          39     1.01193
           7          40     1.00534
           7          41     1.00559
           7          42    0.955819
           7          43    0.941812
           7          44    0.942976
           7          45    0.940097
           7          46    0.954546
           7          47    0.962613
           7          48    0.959519
           7          49     0.97194
           7          50    0.971208
           7          51    0.965197
           7          52    0.968099
           7          53     0.96828
           7          54    0.977329
           7          55    0.993879
           7          56    0.968987
           7          57    0.961849
           7          58    0.948244
           7          59    0.957676
           7          60    0.952519
           7          61    0.946301
           7          62    0.942148
           7          63    0.940417
           7          64    0.934541
           7          65     0.94397
           7          66     0.94636
           7          67    0.954298
           7          68    0.964221
           7          69    0.965596
           7          70     0.96278
           7          71    0.963003
           7          72    0.963726
           7          73    0.965185
           7          74    0.958784
           7          75    0.948209
           7          76    0.952111
           7          77    0.950975
           7          78    0.954926
           7          79     0.96321
           7          80    0.968178
           7          81    0.953042
           7          82    0.959883
           7          83    0.956752
           7          84    0.957723
           7          85    0.954053
           7          86    0.958803
           7          87    0.974479
           7          88     0.97065
           7          89    0.968765
           7          90    0.968515
           7          91    0.968156
           7          92    0.978293
           7          93    0.980143
           7          94    0.979682
           7          95    0.982301
           7          96    0.979284
           7          97    0.980164
           7          98    0.988041
           7          99    0.999433
           7         100     1.00009
           7         101    0.997543
           8           2           0
           8           3           0
           8           4           0
           8           5           0
           8           6           0
           8           7           0
           8           8           0
           8           9           0
           8          10           0
           8          11           0
           8          12           0
           8          13           0
           8          14           0
           8          15 0.000598682
           8          16    0.168151
           8          17     1.11961
           8          18     2.18734
           8          19     2.47765
           8          20     2.24421
           8          21     1.91551
           8          22     1.74387
           8          23     1.58947
           8          24     1.40154
           8          25     1.31446
           8          26     1.22482
           8          27     1.22112
           8          28     1.19863
           8          29     1.09574
           8          30     1.11534
           8          31     1.09369
           8          32     1.07947
           8          33     1.09673
           8          34     1.08268
           8          35     1.10372
           8          36     1.10101
           8          37     1.07373
           8          38     1.10124
           8          39     1.10593
           8          40     1.07824
           8          41     1.07087
           8          42     1.03102
           8          43      1.0455
           8          44     1.03677
           8          45     1.02461
           8          46     1.00542
           8          47     0.99177
           8          48     0.99521
           8          49    0.988582
           8          50    0.989677
           8          51    0.985556
           8          52    0.980983
           8          53    0.976265
           8          54    0.974676
           8          55    0.981828
           8          56    0.968693
           8          57    0.983855
           8          58    0.981651
           8          59    0.987225
           8          60    0.977685
           8          61    0.981575
           8          62    0.979426
           8          63    0.982178
           8          64    0.969164
           8          65    0.974235
           8          66    0.971129
           8          67    0.964958
           8          68    0.974564
           8          69    0.977287
           8          70    0.966479
           8          71    0.955274
           8          72    0.963331
           8          73     0.96747
           8          74    0.972262
           8          75    0.986075
           8          76    0.984955
           8          77    0.992511
           8          78    0.996688
           8          79    0.980511
           8          80    0.996786
           8          81    0.997067
           8          82    0.998626
           8          83      1.0052
           8          84     1.00555
           8          85     1.00525
           8          86    0.991702
           8          87    0.997997
           8          88     1.00553
           8          89     1.01182
           8          90     1.00539
           8          91    0.997782
           8          92     1.00771
           8          93     1.01013
           8          94     1.00826
           8          95      1.0038
           8          96     1.00303
           8          97     1.00506
           8          98    0.996375
           8          99    0.991865
           8         100    0.987827
           8         101    0.988634
           9           2           0
           9           3           0
           9           4           0
           9           5           0
           9           6           0
           9           7           0
           9           8           0
           9           9           0
           9          10           0
           9          11           0
           9          12           0
           9          13           0
           9          14           0
           9          15 0.000598682
           9          16    0.145835
           9          17      1.1564
           9          18     2.07711
           9          19     2.25993
           9          20     2.05033
           9          21     1.81821
           9          22     1.59766
           9          23     1.43907
           9          24     1.37977
           9          25     1.28541
           9          26     1.24228
           9          27     1.23187
           9          28     1.16646
           9          29     1.10411
           9          30      1.1144
           9          31     1.07701
           9          32      1.1101
           9          33     1.08111
           9          34     1.08443
           9          35     1.06229
           9          36     1.07442
           9          37     1.04324
           9          38     1.05765
           9          39      1.0495
           9          40     1.03855
           9          41     1.01574
           9          42     1.00626
           9          43     1.01628
           9          44     1.00788
           9          45    0.999859
           9          46     1.01672
           9          47    0.985707
           9          48    0.978652
           9          49    0.997629
           9          50     1.00754
           9          51    0.994555
           9          52     1.00927
           9          53     1.02038
           9          54     1.00426
           9          55     1.00681
           9          56     1.02782
           9          57     1.01621
           9          58     1.00466
           9          59     1.01483
           9          60     1.01657
           9          61     1.01312
           9          62     1.00686
           9          63     1.01779
           9          64    0.994175
           9          65    0.996786
           9          66     0.99826
           9          67    0.999434
           9          68     1.01734
           9          69     1.01112
           9          70     1.01007
           9          71     1.01762
           9          72     1.01343
           9          73     1.01876
           9          74     1.00852
           9          75     1.00323
           9          76     1.00222
           9          77     1.00448
           9          78     1.00754
           9          79     1.00586
           9          80     1.00391
           9          81      0.9966
           9          82      1.0055
           9          83     1.00063
           9          84    0.990136
           9          85    0.993632
           9          86     0.99424
           9          87    0.995817
           9          88    0.997187
           9          89    0.994585
           9          90     1.00061
           9          91    0.989524
           9          92     1.00016
           9          93    0.984889
           9          94    0.998564
           9          95    0.987707
           9          96     0.99504
           9          97    0.997327
           9          98    0.991183
           9          99    0.983644
           9         100    0.991562
           9         101    0.997202
          10           2           0
          10           3           0
          10           4           0
          10           5           0
          10           6           0
          10           7           0
          10           8           0
          10           9           0
          10          10           0
          10          11           0
          10          12           0
          10          13           0
          10          14           0
          10          15 0.000598682
          10          16    0.152581
          10          17     1.14686
          10          18     2.22862
          10          19     2.44843
          10          20     2.21806
          10          21     2.00334
          10          22     1.78361
          10          23     1.63291
          10          24     1.43151
          10          25     1.27612
          10          26     1.20191
          10          27     1.12645
          10          28     1.08004
          10          29      1.0598
          10          30     1.05272
          10          31     1.01492
          10          32     1.05037
          10          33     1.03172
          10          34     1.05116
          10          35     1.06278
          10          36     1.03398
          10          37     1.04133
          10          38     1.04069
          10          39     1.03677
          10          40      1.0362
          10          41     1.04764
          10          42     1.04366
          10          43      1.0564
          10          44      1.0361
          10          45     1.00943
          10          46     1.01535
          10          47     1.02773
          10          48     1.02676
          10          49     1.02888
          10          50      1.0261
          10          51      1.0306
          10          52     1.02721
          10          53      1.0075
          10          54     1.01891
          10          55     1.00212
          10          56     0.99078
          10          57    0.967873
          10          58    0.972898
          10          59    0.993894
          10          60    0.996377
          10          61    0.969889
          10          62    0.973193
          10          63     0.97984
          10          64    0.974055
          10          65    0.971609
          10          66    0.988525
          10          67    0.984346
          10          68    0.994829
          10          69    0.997627
          10          70    0.990115
          10          71      0.9755
          10          72    0.972247
          10          73    0.988011
          10          74    0.991825
          10          75    0.991228
          10          76    0.983146
          10          77    0.986708
          10          78    0.982736
          10          79     0.98311
          10          80    0.991649
          10          81    0.989675
          10          82    0.997009
          10          83     1.00415
          10          84     1.00683
          10          85    0.994196
          10          86     1.00467
          10          87     1.00007
          10          88    0.996983
          10          89    0.998207
          10          90    0.992041
          10          91    0.977082
          10          92    0.983064
          10          93    0.990626
          10          94    0.980384
          10          95    0.989181
          10          96    0.982536
          10          97    0.985945
          10          98    0.993597
          10          99    0.990487
          10         100    0.986173
          10         101    0.988337
