           1           2           0
           1           3           0
           1           4           0
           1           5           0
           1           6           0
           1           7           0
           1           8           0
           1           9           0
           1          10           0
           1          11           0
           1          12           0
           1          13           0
           1          14           0
           1          15           0
           1          16           0
           1          17           0
           1          18           0
           1          19           0
           1          20           0
           1          21           0
           1          22           0
           1          23           0
           1          24           0
           1          25           0
           1          26           0
           1          27           0
           1          28           0
           1          29           0
           1          30           0
           1          31           0
           1          32           0
           1          33           0
           1          34           0
           1          35           0
           1          36  0.00238434
           1          37   0.0241647
           1          38    0.158947
           1          39    0.541245
           1          40      1.1795
           1          41     1.86427
           1          42     2.30919
           1          43     2.55081
           1          44     2.55245
           1          45     2.40403
           1          46     2.21585
           1          47     1.99192
           1          48     1.75482
           1          49     1.57707
           1          50     1.41108
           1          51     1.26029
           1          52     1.14218
           1          53     1.00816
           1          54    0.946082
           1          55    0.874244
           1          56     0.82478
           1          57    0.768855
           1          58    0.727485
           1          59    0.701675
           1          60    0.691544
           1          61     0.68684
           1          62     0.67488
           1          63     0.67721
           1          64    0.664795
           1          65    0.677969
           1          66    0.694683
           1          67    0.710832
           1          68    0.730516
           1          69    0.788356
           1          70    0.813266
           1          71    0.845105
           1          72    0.885606
           1          73    0.933712
           1          74    0.980216
           1          75     1.01816
           1          76     1.04817
           1          77     1.09504
           1          78     1.12384
           1          79       1.162
           1          80     1.17531
           1          81     1.19926
           1          82     1.21789
           1          83     1.20788
           1          84     1.20816
           1          85     1.19804
           1          86      1.1915
           1          87     1.15304
           1          88     1.14947
           1          89     1.11496
           1          90     1.07993
           1          91     1.03757
           1          92     1.02025
           1          93    0.997549
           1          94    0.980779
           1          95    0.947401
           1          96    0.933324
           1          97    0.919805
           1          98    0.908812
           1          99    0.884535
           1         100    0.886119
           1         101    0.887318
           2           2           0
           2           3           0
           2           4           0
           2           5           0
           2           6           0
           2           7           0
           2           8           0
           2           9           0
           2          10           0
           2          11           0
           2          12           0
           2          13           0
           2          14           0
           2          15           0
           2          16           0
           2          17           0
           2          18           0
           2          19           0
           2          20           0
           2          21           0
           2          22           0
           2          23           0
           2          24           0
           2          25           0
           2          26           0
           2          27           0
           2          28           0
           2          29           0
           2          30           0
           2          31           0
           2          32           0
           2          33           0
           2          34           0
           2          35           0
           2          36  0.00146728
           2          37   0.0246844
           2          38     0.16886
           2          39    0.556459
           2          40     1.18267
           2          41     1.85231
           2          42     2.35817
           2          43     2.56153
           2          44     2.53426
           2          45     2.40052
           2          46     2.20129
           2          47     1.96082
           2          48     1.77577
           2          49      1.5717
           2          50     1.39099
           2          51     1.24688
           2          52     1.12364
           2          53    0.994044
           2          54    0.929924
           2          55    0.878172
           2          56    0.826618
           2          57    0.771619
           2          58    0.750361
           2          59    0.721088
           2          60    0.698561
           2          61    0.676234
           2          62      0.6866
           2          63    0.662491
           2          64    0.675721
           2          65    0.679945
           2          66    0.691036
           2          67    0.706227
           2          68    0.748239
           2          69    0.768614
           2          70    0.822641
           2          71    0.847749
           2          72    0.890987
           2          73    0.917655
           2          74    0.975813
           2          75     1.01467
           2          76     1.05361
           2          77     1.09406
           2          78     1.13018
           2          79     1.16765
           2          80     1.18893
           2          81     1.20056
           2          82     1.23024
           2          83      1.2102
           2          84     1.21201
           2          85     1.21058
           2          86     1.18349
           2          87     1.15214
           2          88     1.13106
           2          89     1.09901
           2          90     1.07724
           2          91     1.02517
           2          92     1.01356
           2          93    0.992386
           2          94     0.96894
           2          95    0.955842
           2          96    0.929192
           2          97     0.91777
           2          98    0.902411
           2          99    0.889679
           2         100    0.874486
           2         101    0.884043
           3           2           0
           3           3           0
           3           4           0
           3           5           0
           3           6           0
           3           7           0
           3           8           0
           3           9           0
           3          10           0
           3          11           0
           3          12           0
           3          13           0
           3          14           0
           3          15           0
           3          16           0
           3          17           0
           3          18           0
           3          19           0
           3          20           0
           3          21           0
           3          22           0
           3          23           0
           3          24           0
           3          25           0
           3          26           0
           3          27           0
           3          28           0
           3          29           0
           3          30           0
           3          31           0
           3          32           0
           3          33           0
           3          34           0
           3          35           0
           3          36   0.0017424
           3          37    0.023212
           3          38    0.158537
           3          39     0.55413
           3          40     1.21374
           3          41     1.86973
           3          42     2.36263
           3          43     2.55005
           3          44     2.54695
           3          45     2.41782
           3          46     2.18531
           3          47      1.9557
           3          48     1.73533
           3          49     1.54223
           3          50     1.38171
           3          51     1.23922
           3          52     1.12724
           3          53     1.03594
           3          54    0.931587
           3          55    0.880232
           3          56    0.827647
           3          57    0.771797
           3          58    0.730049
           3          59    0.715476
           3          60    0.688673
           3          61      0.6787
           3          62    0.676401
           3          63    0.667369
           3          64    0.681114
           3          65    0.689962
           3          66    0.711581
           3          67    0.724444
           3          68    0.747523
           3          69    0.785792
           3          70    0.819687
           3          71    0.856969
           3          72    0.898257
           3          73    0.937513
           3          74    0.973965
           3          75     1.02752
           3          76     1.05609
           3          77     1.10128
           3          78     1.12461
           3          79     1.15556
           3          80     1.18075
           3          81     1.18821
           3          82     1.21336
           3          83     1.19925
           3          84     1.20537
           3          85     1.19226
           3          86     1.17193
           3          87     1.15514
           3          88     1.12607
           3          89     1.09533
           3          90     1.06429
           3          91     1.04525
           3          92     1.00713
           3          93    0.993911
           3          94     0.97028
           3          95    0.946427
           3          96    0.939142
           3          97    0.913378
           3          98    0.899891
           3          99    0.900623
           3         100    0.890226
           3         101     0.89143
           4           2           0
           4           3           0
           4           4           0
           4           5           0
           4           6           0
           4           7           0
           4           8           0
           4           9           0
           4          10           0
           4          11           0
           4          12           0
           4          13           0
           4          14           0
           4          15           0
           4          16           0
           4          17           0
           4          18           0
           4          19           0
           4          20           0
           4          21           0
           4          22           0
           4          23           0
           4          24           0
           4          25           0
           4          26           0
           4          27           0
           4          28           0
           4          29           0
           4          30           0
           4          31           0
           4          32           0
           4          33           0
           4          34           0
           4          35           0
           4          36 0.000733642
           4          37   0.0218262
           4          38    0.172711
           4          39    0.570508
           4          40     1.23473
           4          41     1.87575
           4          42     2.37494
           4          43     2.52546
           4          44     2.55529
           4          45     2.41032
           4          46     2.20559
           4          47     1.97758
           4          48     1.76249
           4          49     1.51355
           4          50     1.35456
           4          51     1.22064
           4          52     1.11042
           4          53     1.00915
           4          54    0.924261
           4          55    0.852201
           4          56    0.813682
           4          57    0.772364
           4          58    0.741778
           4          59    0.716136
           4          60     0.70695
           4          61     0.68388
           4          62    0.687882
           4          63    0.683502
           4          64    0.678963
           4          65    0.696946
           4          66    0.707855
           4          67    0.743017
           4          68    0.774675
           4          69    0.781935
           4          70    0.825456
           4          71    0.864495
           4          72    0.902078
           4          73    0.927413
           4          74    0.973342
           4          75     1.01695
           4          76     1.03804
           4          77      1.0874
           4          78     1.12891
           4          79     1.15934
           4          80     1.17979
           4          81     1.21603
           4          82     1.20428
           4          83     1.19486
           4          84     1.20543
           4          85     1.19705
           4          86     1.18699
           4          87     1.14904
           4          88     1.11562
           4          89     1.09503
           4          90     1.05895
           4          91     1.01667
           4          92    0.995686
           4          93    0.968774
           4          94    0.949115
           4          95     0.93941
           4          96    0.923643
           4          97    0.921684
           4          98    0.908507
           4          99    0.900416
           4         100    0.894029
           4         101    0.894198
           5           2           0
           5           3           0
           5           4           0
           5           5           0
           5           6           0
           5           7           0
           5           8           0
           5           9           0
           5          10           0
           5          11           0
           5          12           0
           5          13           0
           5          14           0
           5          15           0
           5          16           0
           5          17           0
           5          18           0
           5          19           0
           5          20           0
           5          21           0
           5          22           0
           5          23           0
           5          24           0
           5          25           0
           5          26           0
           5          27           0
           5          28           0
           5          29           0
           5          30           0
           5          31           0
           5          32           0
           5          33           0
           5          34           0
           5          35           0
           5          36   0.0017424
           5          37   0.0253773
           5          38    0.173367
           5          39    0.567403
           5          40     1.23414
           5          41     1.89135
           5          42     2.35058
           5          43     2.57255
           5          44     2.51215
           5          45     2.38661
           5          46      2.1901
           5          47     1.95691
           5          48     1.73039
           5          49     1.53909
           5          50     1.37187
           5          51      1.2398
           5          52     1.10669
           5          53     1.00355
           5          54    0.925964
           5          55    0.868028
           5          56     0.82037
           5          57    0.770769
           5          58    0.729468
           5          59    0.723267
           5          60     0.70998
           5          61    0.694271
           5          62    0.683648
           5          63    0.691178
           5          64    0.680053
           5          65    0.696323
           5          66    0.717432
           5          67    0.739303
           5          68    0.768035
           5          69     0.80043
           5          70    0.832738
           5          71    0.870054
           5          72    0.899421
           5          73     0.92831
           5          74    0.970663
           5          75     1.01254
           5          76     1.05438
           5          77     1.08546
           5          78     1.11338
           5          79     1.15035
           5          80     1.18367
           5          81      1.1842
           5          82     1.19301
           5          83     1.20689
           5          84     1.19699
           5          85     1.18024
           5          86     1.16491
           5          87     1.13951
           5          88      1.1141
           5          89     1.08978
           5          90     1.07105
           5          91      1.0392
           5          92     1.01159
           5          93    0.981421
           5          94    0.968596
           5          95    0.966156
           5          96    0.942162
           5          97    0.935412
           5          98    0.916701
           5          99    0.904194
           5         100    0.898641
           5         101    0.898233
           6           2           0
           6           3           0
           6           4           0
           6           5           0
           6           6           0
           6           7           0
           6           8           0
           6           9           0
           6          10           0
           6          11           0
           6          12           0
           6          13           0
           6          14           0
           6          15           0
           6          16           0
           6          17           0
           6          18           0
           6          19           0
           6          20           0
           6          21           0
           6          22           0
           6          23           0
           6          24           0
           6          25           0
           6          26           0
           6          27           0
           6          28           0
           6          29           0
           6          30           0
           6          31           0
           6          32           0
           6          33           0
           6          34           0
           6          35 0.000291784
           6          36  0.00100876
           6          37   0.0253773
           6          38    0.158455
           6          39    0.587041
           6          40     1.25292
           6          41     1.92003
           6          42     2.34812
           6          43     2.56539
           6          44     2.52937
           6          45      2.3764
           6          46     2.18128
           6          47     1.96709
           6          48     1.74624
           6          49     1.54901
           6          50     1.36862
           6          51     1.24149
           6          52       1.126
           6          53     1.01232
           6          54    0.946161
           6          55    0.858418
           6          56    0.807324
           6          57    0.759677
           6          58    0.720236
           6          59    0.706958
           6          60    0.678466
           6          61    0.664579
           6          62    0.653408
           6          63    0.660182
           6          64    0.670216
           6          65    0.692885
           6          66    0.709246
           6          67    0.743145
           6          68    0.753348
           6          69     0.80158
           6          70    0.834692
           6          71     0.86915
           6          72    0.922108
           6          73    0.949812
           6          74     1.00636
           6          75     1.04049
           6          76     1.08587
           6          77     1.11256
           6          78     1.14962
           6          79     1.17477
           6          80     1.19113
           6          81      1.1984
           6          82     1.19714
           6          83      1.1979
           6          84     1.18448
           6          85     1.17197
           6          86     1.15709
           6          87     1.13028
           6          88     1.09871
           6          89     1.08224
           6          90     1.04764
           6          91      1.0257
           6          92    0.999031
           6          93    0.982673
           6          94    0.958951
           6          95      0.9369
           6          96    0.923337
           6          97     0.91412
           6          98     0.90465
           6          99    0.892929
           6         100    0.886918
           6         101    0.880195
           7           2           0
           7           3           0
           7           4           0
           7           5           0
           7           6           0
           7           7           0
           7           8           0
           7           9           0
           7          10           0
           7          11           0
           7          12           0
           7          13           0
           7          14           0
           7          15           0
           7          16           0
           7          17           0
           7          18           0
           7          19           0
           7          20           0
           7          21           0
           7          22           0
           7          23           0
           7          24           0
           7          25           0
           7          26           0
           7          27           0
           7          28           0
           7          29           0
           7          30           0
           7          31           0
           7          32           0
           7          33           0
           7          34           0
           7          35           0
           7          36  0.00146728
           7          37   0.0217396
           7          38    0.153375
           7          39     0.54435
           7          40     1.18267
           7          41       1.867
           7          42     2.34905
           7          43     2.56108
           7          44     2.57088
           7          45     2.43316
           7          46     2.22659
           7          47     1.97336
           7          48      1.7376
           7          49     1.57842
           7          50      1.3773
           7          51     1.22625
           7          52     1.11962
           7          53     1.01351
           7          54    0.943548
           7          55    0.878516
           7          56    0.823421
           7          57     0.78342
           7          58    0.747899
           7          59    0.720296
           7          60     0.68947
           7          61    0.682277
           7          62    0.677773
           7          63     0.66099
           7          64    0.671585
           7          65    0.675749
           7          66    0.681302
           7          67    0.703021
           7          68    0.736267
           7          69    0.769884
           7          70    0.801797
           7          71    0.846325
           7          72    0.881368
           7          73    0.940096
           7          74    0.974401
           7          75     1.03225
           7          76     1.06612
           7          77     1.09316
           7          78     1.15574
           7          79     1.16431
           7          80     1.18702
           7          81      1.2174
           7          82       1.217
           7          83     1.24088
           7          84     1.22442
           7          85      1.1999
           7          86     1.17671
           7          87     1.14828
           7          88     1.12388
           7          89     1.10303
           7          90     1.06485
           7          91     1.03553
           7          92     1.00063
           7          93    0.985358
           7          94    0.955379
           7          95    0.939098
           7          96    0.925428
           7          97    0.912516
           7          98    0.905401
           7          99    0.892332
           7         100    0.879526
           7         101    0.885785
           8           2           0
           8           3           0
           8           4           0
           8           5           0
           8           6           0
           8           7           0
           8           8           0
           8           9           0
           8          10           0
           8          11           0
           8          12           0
           8          13           0
           8          14           0
           8          15           0
           8          16           0
           8          17           0
           8          18           0
           8          19           0
           8          20           0
           8          21           0
           8          22           0
           8          23           0
           8          24           0
           8          25           0
           8          26           0
           8          27           0
           8          28           0
           8          29           0
           8          30           0
           8          31           0
           8          32           0
           8          33           0
           8          34           0
           8          35           0
           8          36  0.00155899
           8          37   0.0293614
           8          38    0.170089
           8          39    0.562047
           8          40     1.21441
           8          41     1.83181
           8          42     2.30527
           8          43     2.58536
           8          44     2.53801
           8          45     2.39509
           8          46     2.21265
           8          47     1.97231
           8          48     1.73912
           8          49     1.53541
           8          50     1.38973
           8          51     1.25071
           8          52     1.13118
           8          53     1.03339
           8          54    0.941211
           8          55    0.876647
           8          56    0.821216
           8          57     0.76198
           8          58    0.746531
           8          59    0.709335
           8          60    0.708034
           8          61    0.686994
           8          62    0.672763
           8          63    0.678855
           8          64    0.676029
           8          65    0.691099
           8          66    0.704103
           8          67    0.721874
           8          68    0.743623
           8          69    0.773023
           8          70    0.797052
           8          71    0.836856
           8          72    0.895665
           8          73    0.944879
           8          74    0.961691
           8          75     1.01774
           8          76     1.04543
           8          77     1.08814
           8          78     1.13701
           8          79     1.17009
           8          80     1.19775
           8          81      1.2137
           8          82     1.22084
           8          83     1.22274
           8          84     1.21228
           8          85     1.20021
           8          86     1.18463
           8          87     1.16095
           8          88     1.13009
           8          89     1.09516
           8          90     1.06061
           8          91       1.043
           8          92     1.01654
           8          93    0.968565
           8          94    0.954907
           8          95    0.933354
           8          96    0.933801
           8          97    0.907944
           8          98    0.895155
           8          99    0.887865
           8         100     0.88199
           8         101    0.875884
           9           2           0
           9           3           0
           9           4           0
           9           5           0
           9           6           0
           9           7           0
           9           8           0
           9           9           0
           9          10           0
           9          11           0
           9          12           0
           9          13           0
           9          14           0
           9          15           0
           9          16           0
           9          17           0
           9          18           0
           9          19           0
           9          20           0
           9          21           0
           9          22           0
           9          23           0
           9          24           0
           9          25           0
           9          26           0
           9          27           0
           9          28           0
           9          29           0
           9          30           0
           9          31           0
           9          32           0
           9          33           0
           9          34           0
           9          35           0
           9          36  0.00100876
           9          37    0.025204
           9          38    0.177217
           9          39    0.567558
           9          40     1.21109
           9          41     1.90765
           9          42     2.36722
           9          43       2.582
           9          44     2.56792
           9          45     2.40669
           9          46     2.19473
           9          47     1.93714
           9          48     1.72988
           9          49      1.5464
           9          50      1.3701
           9          51     1.23565
           9          52     1.11906
           9          53     1.01997
           9          54    0.921568
           9          55    0.850828
           9          56    0.804384
           9          57    0.767969
           9          58    0.727177
           9          59    0.720758
           9          60    0.696169
           9          61    0.685175
           9          62    0.686272
           9          63    0.679115
           9          64    0.687877
           9          65    0.699491
           9          66    0.704523
           9          67    0.736072
           9          68    0.749399
           9          69    0.775826
           9          70    0.811173
           9          71    0.856924
           9          72    0.888879
           9          73    0.937684
           9          74    0.971099
           9          75     1.01493
           9          76     1.05582
           9          77     1.09571
           9          78     1.13412
           9          79     1.17696
           9          80     1.19708
           9          81     1.22044
           9          82      1.2151
           9          83     1.22022
           9          84     1.19515
           9          85     1.19098
           9          86      1.1662
           9          87     1.14875
           9          88     1.12141
           9          89     1.08311
           9          90     1.06387
           9          91     1.02719
           9          92     1.00491
           9          93    0.988018
           9          94    0.955545
           9          95    0.931469
           9          96    0.927408
           9          97    0.911834
           9          98    0.903572
           9          99    0.891299
           9         100    0.888538
           9         101    0.891056
          10           2           0
          10           3           0
          10           4           0
          10           5           0
          10           6           0
          10           7           0
          10           8           0
          10           9           0
          10          10           0
          10          11           0
          10          12           0
          10          13           0
          10          14           0
          10          15           0
          10          16           0
          10          17           0
          10          18           0
          10          19           0
          10          20           0
          10          21           0
          10          22           0
          10          23           0
          10          24           0
          10          25           0
          10          26           0
          10          27           0
          10          28           0
          10          29           0
          10          30           0
          10          31           0
          10          32           0
          10          33           0
          10          34           0
          10          35           0
          10          36  0.00100876
          10          37   0.0232986
          10          38    0.175251
          10          39    0.543729
          10          40     1.17965
          10          41     1.84595
          10          42     2.33721
          10          43     2.55493
          10          44     2.56859
          10          45     2.43703
          10          46     2.18487
          10          47     1.98723
          10          48     1.76507
          10          49     1.54059
          10          50     1.39785
          10          51     1.24969
          10          52     1.11405
          10          53     1.01536
          10          54    0.938439
          10          55    0.875541
          10          56    0.817541
          10          57    0.769812
          10          58    0.728955
          10          59    0.714386
          10          60    0.696902
          10          61    0.672287
          10          62    0.662205
          10          63    0.651611
          10          64    0.669797
          10          65    0.681488
          10          66    0.693188
          10          67    0.723986
          10          68    0.764283
          10          69    0.795112
          10          70     0.82085
          10          71    0.858935
          10          72    0.894808
          10          73    0.950111
          10          74     0.98682
          10          75     1.02483
          10          76       1.065
          10          77     1.10017
          10          78     1.12393
          10          79      1.1628
          10          80     1.17024
          10          81     1.19285
          10          82     1.21161
          10          83     1.20689
          10          84     1.21828
          10          85      1.1969
          10          86       1.175
          10          87     1.15038
          10          88     1.12989
          10          89     1.08261
          10          90     1.06524
          10          91      1.0334
          10          92     1.01288
          10          93    0.994889
          10          94    0.973712
          10          95    0.956054
          10          96    0.929877
          10          97    0.914599
          10          98     0.90839
          10          99    0.892068
          10         100    0.882598
          10         101     0.88347
