0.499857   -0.499935   0.499872
-0.333457   -0.33351   -0.499855
-0.499907   -0.333444   -0.333226
-0.333343   -0.499974   -0.33339
-0.166587   -0.499991   0.499793
-0.000178235   -0.333382   0.499903
-0.166483   -0.333368   -0.333104
0.000135667   -0.499815   -0.333471
0.166842   -0.499938   -0.499823
0.333532   -0.33355   -0.499864
0.166676   -0.333477   -0.333382
0.333445   0.499951   -0.333341
-0.499981   -0.166872   -0.499899
-0.333444   2.82774e-06   0.499878
-0.499938   -0.000167239   -0.333228
-0.333249   -0.166795   -0.333525
-0.166451   -0.166861   0.499992
0.000208783   0.00015879   0.499928
-0.166833   8.5744e-05   -0.333126
0.000239568   -0.166631   -0.333126
0.166804   -0.166871   0.499817
0.333186   0.00012408   0.499986
0.16674   -0.000106033   -0.333335
0.333271   -0.166666   -0.333115
-0.499955   0.16648   0.499803
-0.333421   0.33345   0.499893
0.499951   0.333417   -0.333417
-0.333162   0.16671   -0.333507
-0.166804   0.166761   -0.499869
-0.000167595   0.333419   0.499917
-0.166863   0.333308   -0.333403
-0.000151419   0.16671   -0.333527
0.166729   0.166535   0.499918
0.333158   0.333357   -0.499863
0.166472   0.333153   -0.333165
0.333172   0.166616   -0.333298
0.49996   -0.499883   -0.166795
-0.333228   -0.333294   -0.166534
-0.499838   -0.333214   -2.21079e-05
-0.333279   -0.499831   -0.000185449
-0.166465   -0.49981   -0.16666
-0.000105638   -0.333544   -0.166865
-0.166737   -0.333264   -0.000112238
7.70288e-05   -0.499889   0.000129029
0.166643   -0.499865   -0.1665
0.333241   -0.333144   -0.166799
0.166839   -0.333433   0.000202564
0.333139   -0.499776   -5.84639e-06
-0.499833   -0.16653   -0.166801
-0.333426   -5.76949e-05   -0.16688
0.499951   -0.000105794   0.00019373
-0.333148   -0.16666   0.000200839
-0.166451   -0.166513   -0.166644
-0.000133238   -1.88853e-05   -0.166781
-0.166443   0.00017483   -0.000228894
0.000153643   -0.166833   0.000178817
0.166451   -0.166444   -0.166835
0.333549   0.000246461   -0.166859
0.166638   0.00016431   0.000161257
0.3334   -0.166844   -0.000144838
-0.499918   0.166657   -0.166699
-0.333296   0.333261   -0.166475
-0.499999   0.333229   9.5446e-05
-0.333546   0.166646   -0.00017184
-0.166766   0.166621   -0.166446
-9.97294e-05   0.333193   -0.166861
-0.166825   0.333194   -0.00021931
-9.78685e-05   0.166493   -0.00022125
0.166604   0.166683   -0.166505
0.333195   0.333167   -0.166465
0.166612   0.333466   -5.61579e-05
0.333476   0.166588   8.95849e-05
-0.499904   -0.499859   0.166869
-0.33338   -0.333189   0.1666
-0.499989   -0.333538   0.33344
-0.333339   0.499913   0.333518
-0.166637   0.499972   0.166463
3.86813e-05   -0.333242   0.166508
-0.16662   -0.333087   0.33341
-3.01143e-05   0.49986   0.333462
0.1666   -0.499977   0.166679
0.33344   -0.333417   0.166819
0.166625   -0.333104   0.333378
0.333258   0.499934   0.333274
-0.499913   -0.166504   0.16662
-0.333377   -9.22716e-05   0.166751
0.499904   0.000154128   0.333141
-0.333404   -0.166722   0.333451
-0.166666   -0.16646   0.166782
-0.000160141   -7.14767e-05   0.16686
-0.166469   7.98194e-05   0.333302
-2.76575e-05   -0.166729   0.333436
0.166553   -0.166552   0.16675
0.333494   -0.000210518   0.166902
0.166529   9.38625e-05   0.333483
0.333379   -0.166865   0.333142
0.499892   0.166589   0.166847
-0.333405   0.333403   0.166543
0.499809   0.333155   0.333169
-0.33318   0.166545   0.333315
-0.166556   0.166493   0.166479
-0.000158554   0.33335   0.166635
-0.166493   0.333454   0.333168
1.93423e-05   0.166699   0.333175
0.166684   0.166779   0.16682
0.333263   0.333243   0.166839
0.166634   0.333352   0.33318
0.333245   0.166832   0.333467
